010000   
010001   
010002   
010003   
010004   
010005   
010006   
010007   
010008   
010009   
010010   
010011   
010012   
010013   
010014   
010015   
010016   
010017   
010018   
010019   
010020   
010021   
010022   
010023   
010024   
010025   
010026   
010027   
010028   
010029   
010030   
010031   
010032   
010033   
010034   
010035   
010036   
010037   
010038   
010039   
010040   
010041   
010042   
010043   
010044   
010045   
010046   
010047   
010048   
010049   
010050   
010051   
010052   
010053   
010054   
010055   
010056   
010057   
010058   
010059   
010100   
010101   
010102   
010103   
010104   
010105   
010106   
010107   
010108   
010109   
010110   
010111   
010112   
010113   
010114   
010115   
010116   
010117   
010118   
010119   
010120   
010121   
010122   
010123   
010124   
010125   
010126   
010127   
010128   
010129   
010130   
010131   
010132   
010133   
010134   
010135   
010136   
010137   
010138   
010139   
010140   
010141   
010142   
010143   
010144   
010145   
010146   
010147   
010148   
010149   
010150   
010151   
010152   
010153   
010154   
010155   
010156   
010157   
010158   
010159   
010200   
010201   
010202   
010203   
010204   
010205   
010206   
010207   
010208   
010209   
010210   
010211   
010212   
010213   
010214   
010215   
010216   
010217   
010218   
010219   
010220   
010221   
010222   
010223   
010224   
010225   
010226   
010227   
010228   
010229   
010230   
010231   
010232   
010233   
010234   
010235   
010236   
010237   
010238   
010239   
010240   
010241   
010242   
010243   
010244   
010245   
010246   
010247   
010248   
010249   
010250   
010251   
010252   
010253   
010254   
010255   
010256   
010257   
010258   
010259   
010300   
010301   
010302   
010303   
010304   
010305   
010306   
010307   
010308   
010309   
010310   
010311   
010312   
010313   
010314   
010315   
010316   
010317   
010318   
010319   
010320   
010321   
010322   
010323   
010324   
010325   
010326   
010327   
010328   
010329   
010330   
010331   
010332   
010333   
010334   
010335   
010336   
010337   
010338   
010339   
010340   
010341   
010342   
010343   
010344   
010345   
010346   
010347   
010348   
010349   
010350   
010351   
010352   
010353   
010354   
010355   
010356   
010357   
010358   
010359   
010400   
010401   
010402   
010403   
010404   
010405   
010406   
010407   
010408   
010409   
010410   
010411   
010412   
010413   
010414   
010415   
010416   
010417   
010418   
010419   
010420   
010421   
010422   
010423   
010424   
010425   
010426   
010427   
010428   
010429   
010430   
010431   
010432   
010433   
010434   
010435   
010436   
010437   
010438   
010439   
010440   
010441   
010442   
010443   
010444   
010445   
010446   
010447   
010448   
010449   
010450   
010451   
010452   
010453   
010454   
010455   
010456   
010457   
010458   
010459   
010500   
010501   
010502   
010503   
010504   
010505   
010506   
010507   
010508   
010509   
010510   
010511   
010512   
010513   
010514   
010515   
010516   
010517   
010518   
010519   
010520   
010521   
010522   
010523   
010524   
010525   
010526   
010527   
010528   
010529   
010530   
010531   
010532   
010533   
010534   
010535   
010536   
010537   
010538   
010539   
010540   
010541   
010542   
010543   
010544   
010545   
010546   
010547   
010548   
010549   
010550   
010551   
010552   
010553   
010554   
010555   
010556   
010557   
010558   
010559   
010600   
010601   
010602   
010603   
010604   
010605   
010606   
010607   
010608   
010609   
010610   
010611   
010612   
010613   
010614   
010615   
010616   
010617   
010618   
010619   
010620   
010621   
010622   
010623   
010624   
010625   
010626   
010627   
010628   
010629   
010630   
010631   
010632   
010633   
010634   
010635   
010636   
010637   
010638   
010639   
010640   
010641   
010642   
010643   
010644   
010645   
010646   
010647   
010648   
010649   
010650   
010651   
010652   
010653   
010654   
010655   
010656   
010657   
010658   
010659   
010700   
010701   
010702   
010703   
010704   
010705   
010706   
010707   
010708   
010709   
010710   
010711   
010712   
010713   
010714   
010715   
010716   
010717   
010718   
010719   
010720   
010721   
010722   
010723   
010724   
010725   
010726   
010727   
010728   
010729   
010730   
010731   
010732   
010733   
010734   
010735   
010736   
010737   
010738   
010739   
010740   
010741   
010742   
010743   
010744   
010745   
010746   
010747   
010748   
010749   
010750   
010751   
010752   
010753   
010754   
010755   
010756   
010757   
010758   
010759   
010800   
010801   
010802   
010803   
010804   
010805   
010806   
010807   
010808   
010809   
010810   
010811   
010812   
010813   
010814   
010815   
010816   
010817   
010818   
010819   
010820   
010821   
010822   
010823   
010824   
010825   
010826   
010827   
010828   
010829   
010830   
010831   
010832   
010833   
010834   
010835   
010836   
010837   
010838   
010839   
010840   
010841   
010842   
010843   
010844   
010845   
010846   
010847   
010848   
010849   
010850   
010851   
010852   
010853   
010854   
010855   
010856   
010857   
010858   
010859   
010900   
010901   
010902   
010903   
010904   
010905   
010906   
010907   
010908   
010909   
010910   
010911   
010912   
010913   
010914   
010915   
010916   
010917   
010918   
010919   
010920   
010921   
010922   
010923   
010924   
010925   
010926   
010927   
010928   
010929   
010930   
010931   
010932   
010933   
010934   
010935   
010936   
010937   
010938   
010939   
010940   
010941   
010942   
010943   
010944   
010945   
010946   
010947   
010948   
010949   
010950   
010951   
010952   
010953   
010954   
010955   
010956   
010957   
010958   
010959   
011000   
011001   
011002   
011003   
011004   
011005   
011006   
011007   
011008   
011009   
011010   
011011   
011012   
011013   
011014   
011015   
011016   
011017   
011018   
011019   
011020   
011021   
011022   
011023   
011024   
011025   
011026   
011027   
011028   
011029   
011030   
011031   
011032   
011033   
011034   
011035   
011036   
011037   
011038   
011039   
011040   
011041   
011042   
011043   
011044   
011045   
011046   
011047   
011048   
011049   
011050   
011051   
011052   
011053   
011054   
011055   
011056   
011057   
011058   
011059   
011100   
011101   
011102   
011103   
011104   
011105   
011106   
011107   
011108   
011109   
011110   
011111   
011112   
011113   
011114   
011115   
011116   
011117   
011118   
011119   
011120   
011121   
011122   
011123   
011124   
011125   
011126   
011127   
011128   
011129   
011130   
011131   
011132   
011133   
011134   
011135   
011136   
011137   
011138   
011139   
011140   
011141   
011142   
011143   
011144   
011145   
011146   
011147   
011148   
011149   
011150   
011151   
011152   
011153   
011154   
011155   
011156   
011157   
011158   
011159   
011200   
011201   
011202   
011203   
011204   
011205   
011206   
011207   
011208   
011209   
011210   
011211   
011212   
011213   
011214   
011215   
011216   
011217   
011218   
011219   
011220   
011221   
011222   
011223   
011224   
011225   
011226   
011227   
011228   
011229   
011230   
011231   
011232   
011233   
011234   
011235   
011236   
011237   
011238   
011239   
011240   
011241   
011242   
011243   
011244   
011245   
011246   
011247   
011248   
011249   
011250   
011251   
011252   
011253   
011254   
011255   
011256   
011257   
011258   
011259   
011300   
011301   
011302   
011303   
011304   
011305   
011306   
011307   
011308   
011309   
011310   
011311   
011312   
011313   
011314   
011315   
011316   
011317   
011318   
011319   
011320   
011321   
011322   
011323   
011324   
011325   
011326   
011327   
011328   
011329   
011330   
011331   
011332   
011333   
011334   
011335   
011336   
011337   
011338   
011339   
011340   
011341   
011342   
011343   
011344   
011345   
011346   
011347   
011348   
011349   
011350   
011351   
011352   
011353   
011354   
011355   
011356   
011357   
011358   
011359   
011400   
011401   
011402   
011403   
011404   
011405   
011406   
011407   
011408   
011409   
011410   
011411   
011412   
011413   
011414   
011415   
011416   
011417   
011418   
011419   
011420   
011421   
011422   
011423   
011424   
011425   
011426   
011427   
011428   
011429   
011430   
011431   
011432   
011433   
011434   
011435   
011436   
011437   
011438   
011439   
011440   
011441   
011442   
011443   
011444   
011445   
011446   
011447   
011448   
011449   
011450   
011451   
011452   
011453   
011454   
011455   
011456   
011457   
011458   
011459   
011500   
011501   
011502   
011503   
011504   
011505   
011506   
011507   
011508   
011509   
011510   
011511   
011512   
011513   
011514   
011515   
011516   
011517   
011518   
011519   
011520   
011521   
011522   
011523   
011524   
011525   
011526   
011527   
011528   
011529   
011530   
011531   
011532   
011533   
011534   
011535   
011536   
011537   
011538   
011539   
011540   
011541   
011542   
011543   
011544   
011545   
011546   
011547   
011548   
011549   
011550   
011551   
011552   
011553   
011554   
011555   
011556   
011557   
011558   
011559   
011600   
011601   
011602   
011603   
011604   
011605   
011606   
011607   
011608   
011609   
011610   
011611   
011612   
011613   
011614   
011615   
011616   
011617   
011618   
011619   
011620   
011621   
011622   
011623   
011624   
011625   
011626   
011627   
011628   
011629   
011630   
011631   
011632   
011633   
011634   
011635   
011636   
011637   
011638   
011639   
011640   
011641   
011642   
011643   
011644   
011645   
011646   
011647   
011648   
011649   
011650   
011651   
011652   
011653   
011654   
011655   
011656   
011657   
011658   
011659   
011700   
011701   
011702   
011703   
011704   
011705   
011706   
011707   
011708   
011709   
011710   
011711   
011712   
011713   
011714   
011715   
011716   
011717   
011718   
011719   
011720   
011721   
011722   
011723   
011724   
011725   
011726   
011727   
011728   
011729   
011730   
011731   
011732   
011733   
011734   
011735   
011736   
011737   
011738   
011739   
011740   
011741   
011742   
011743   
011744   
011745   
011746   
011747   
011748   
011749   
011750   
011751   
011752   
011753   
011754   
011755   
011756   
011757   
011758   
011759   
011800   
011801   
011802   
011803   
011804   
011805   
011806   
011807   
011808   
011809   
011810   
011811   
011812   
011813   
011814   
011815   
011816   
011817   
011818   
011819   
011820   
011821   
011822   
011823   
011824   
011825   
011826   
011827   
011828   
011829   
011830   
011831   
011832   
011833   
011834   
011835   
011836   
011837   
011838   
011839   
011840   
011841   
011842   
011843   
011844   
011845   
011846   
011847   
011848   
011849   
011850   
011851   
011852   
011853   
011854   
011855   
011856   
011857   
011858   
011859   
011900   
011901   
011902   
011903   
011904   
011905   
011906   
011907   
011908   
011909   
011910   
011911   
011912   
011913   
011914   
011915   
011916   
011917   
011918   
011919   
011920   
011921   
011922   
011923   
011924   
011925   
011926   
011927   
011928   
011929   
011930   
011931   
011932   
011933   
011934   
011935   
011936   
011937   
011938   
011939   
011940   
011941   
011942   
011943   
011944   
011945   
011946   
011947   
011948   
011949   
011950   
011951   
011952   
011953   
011954   
011955   
011956   
011957   
011958   
011959   
012000   
012001   
012002   
012003   
012004   
012005   
012006   
012007   
012008   
012009   
012010   
012011   
012012   
012013   
012014   
012015   
012016   
012017   
012018   
012019   
012020   
012021   
012022   
012023   
012024   
012025   
012026   
012027   
012028   
012029   
012030   
012031   
012032   
012033   
012034   
012035   
012036   
012037   
012038   
012039   
012040   
012041   
012042   
012043   
012044   
012045   
012046   
012047   
012048   
012049   
012050   
012051   
012052   
012053   
012054   
012055   
012056   
012057   
012058   
012059   
012100   
012101   
012102   
012103   
012104   
012105   
012106   
012107   
012108   
012109   
012110   
012111   
012112   
012113   
012114   
012115   
012116   
012117   
012118   
012119   
012120   
012121   
012122   
012123   
012124   
012125   
012126   
012127   
012128   
012129   
012130   
012131   
012132   
012133   
012134   
012135   
012136   
012137   
012138   
012139   
012140   
012141   
012142   
012143   
012144   
012145   
012146   
012147   
012148   
012149   
012150   
012151   
012152   
012153   
012154   
012155   
012156   
012157   
012158   
012159   
012200   
012201   
012202   
012203   
012204   
012205   
012206   
012207   
012208   
012209   
012210   
012211   
012212   
012213   
012214   
012215   
012216   
012217   
012218   
012219   
012220   
012221   
012222   
012223   
012224   
012225   
012226   
012227   
012228   
012229   
012230   
012231   
012232   
012233   
012234   
012235   
012236   
012237   
012238   
012239   
012240   
012241   
012242   
012243   
012244   
012245   
012246   
012247   
012248   
012249   
012250   
012251   
012252   
012253   
012254   
012255   
012256   
012257   
012258   
012259   
012300   
012301   
012302   
012303   
012304   
012305   
012306   
012307   
012308   
012309   
012310   
012311   
012312   
012313   
012314   
012315   
012316   
012317   
012318   
012319   
012320   
012321   
012322   
012323   
012324   
012325   
012326   
012327   
012328   
012329   
012330   
012331   
012332   
012333   
012334   
012335   
012336   
012337   
012338   
012339   
012340   
012341   
012342   
012343   
012344   
012345   
012346   
012347   
012348   
012349   
012350   
012351   
012352   
012353   
012354   
012355   
012356   
012357   
012358   
012359   
012400   
012401   
012402   
012403   
012404   
012405   
012406   
012407   
012408   
012409   
012410   
012411   
012412   
012413   
012414   
012415   
012416   
012417   
012418   
012419   
012420   
012421   
012422   
012423   
012424   
012425   
012426   
012427   
012428   
012429   
012430   
012431   
012432   
012433   
012434   
012435   
012436   
012437   
012438   
012439   
012440   
012441   
012442   
012443   
012444   
012445   
012446   
012447   
012448   
012449   
012450   
012451   
012452   
012453   
012454   
012455   
012456   
012457   
012458   
012459   
012500   
012501   
012502   
012503   
012504   
012505   
012506   
012507   
012508   
012509   
012510   
012511   
012512   
012513   
012514   
012515   
012516   
012517   
012518   
012519   
012520   
012521   
012522   
012523   
012524   
012525   
012526   
012527   
012528   
012529   
012530   
012531   
012532   
012533   
012534   
012535   
012536   
012537   
012538   
012539   
012540   
012541   
012542   
012543   
012544   
012545   
012546   
012547   
012548   
012549   
012550   
012551   
012552   
012553   
012554   
012555   
012556   
012557   
012558   
012559   
012600   
012601   
012602   
012603   
012604   
012605   
012606   
012607   
012608   
012609   
012610   
012611   
012612   
012613   
012614   
012615   
012616   
012617   
012618   
012619   
012620   
012621   
012622   
012623   
012624   
012625   
012626   
012627   
012628   
012629   
012630   
012631   
012632   
012633   
012634   
012635   
012636   
012637   
012638   
012639   
012640   
012641   
012642   
012643   
012644   
012645   
012646   
012647   
012648   
012649   
012650   
012651   
012652   
012653   
012654   
012655   
012656   
012657   
012658   
012659   
012700   
012701   
012702   
012703   
012704   
012705   
012706   
012707   
012708   
012709   
012710   
012711   
012712   
012713   
012714   
012715   
012716   
012717   
012718   
012719   
012720   
012721   
012722   
012723   
012724   
012725   
012726   
012727   
012728   
012729   
012730   
012731   
012732   
012733   
012734   
012735   
012736   
012737   
012738   
012739   
012740   
012741   
012742   
012743   
012744   
012745   
012746   
012747   
012748   
012749   
012750   
012751   
012752   
012753   
012754   
012755   
012756   
012757   
012758   
012759   
012800   
012801   
012802   
012803   
012804   
012805   
012806   
012807   
012808   
012809   
012810   
012811   
012812   
012813   
012814   
012815   
012816   
012817   
012818   
012819   
012820   
012821   
012822   
012823   
012824   
012825   
012826   
012827   
012828   
012829   
012830   
012831   
012832   
012833   
012834   
012835   
012836   
012837   
012838   
012839   
012840   
012841   
012842   
012843   
012844   
012845   
012846   
012847   
012848   
012849   
012850   
012851   
012852   
012853   
012854   
012855   
012856   
012857   
012858   
012859   
012900   
012901   
012902   
012903   
012904   
012905   
012906   
012907   
012908   
012909   
012910   
012911   
012912   
012913   
012914   
012915   
012916   
012917   
012918   
012919   
012920   
012921   
012922   
012923   
012924   
012925   
012926   
012927   
012928   
012929   
012930   
012931   
012932   
012933   
012934   
012935   
012936   
012937   
012938   
012939   
012940   
012941   
012942   
012943   
012944   
012945   
012946   
012947   
012948   
012949   
012950   
012951   
012952   
012953   
012954   
012955   
012956   
012957   
012958   
012959   
013000   
013001   
013002   
013003   
013004   
013005   
013006   
013007   
013008   
013009   
013010   
013011   
013012   
013013   
013014   
013015   
013016   
013017   
013018   
013019   
013020   
013021   
013022   
013023   
013024   
013025   
013026   
013027   
013028   
013029   
013030   
013031   
013032   
013033   
013034   
013035   
013036   
013037   
013038   
013039   
013040   
013041   
013042   
013043   
013044   
013045   
013046   
013047   
013048   
013049   
013050   
013051   
013052   
013053   
013054   
013055   
013056   
013057   
013058   
013059   
013100   
013101   
013102   
013103   
013104   
013105   
013106   
013107   
013108   
013109   
013110   
013111   
013112   
013113   
013114   
013115   
013116   
013117   
013118   
013119   
013120   
013121   
013122   
013123   
013124   
013125   
013126   
013127   
013128   
013129   
013130   
013131   
013132   
013133   
013134   
013135   
013136   
013137   
013138   
013139   
013140   
013141   
013142   
013143   
013144   
013145   
013146   
013147   
013148   
013149   
013150   
013151   
013152   
013153   
013154   
013155   
013156   
013157   
013158   
013159   
013200   
013201   
013202   
013203   
013204   
013205   
013206   
013207   
013208   
013209   
013210   
013211   
013212   
013213   
013214   
013215   
013216   
013217   
013218   
013219   
013220   
013221   
013222   
013223   
013224   
013225   
013226   
013227   
013228   
013229   
013230   
013231   
013232   
013233   
013234   
013235   
013236   
013237   
013238   
013239   
013240   
013241   
013242   
013243   
013244   
013245   
013246   
013247   
013248   
013249   
013250   
013251   
013252   
013253   
013254   
013255   
013256   
013257   
013258   
013259   
013300   
013301   
013302   
013303   
013304   
013305   
013306   
013307   
013308   
013309   
013310   
013311   
013312   
013313   
013314   
013315   
013316   
013317   
013318   
013319   
013320   
013321   
013322   
013323   
013324   
013325   
013326   
013327   
013328   
013329   
013330   
013331   
013332   
013333   
013334   
013335   
013336   
013337   
013338   
013339   
013340   
013341   
013342   
013343   
013344   
013345   
013346   
013347   
013348   
013349   
013350   
013351   
013352   
013353   
013354   
013355   
013356   
013357   
013358   
013359   
013400   
013401   
013402   
013403   
013404   
013405   
013406   
013407   
013408   
013409   
013410   
013411   
013412   
013413   
013414   
013415   
013416   
013417   
013418   
013419   
013420   
013421   
013422   
013423   
013424   
013425   
013426   
013427   
013428   
013429   
013430   
013431   
013432   
013433   
013434   
013435   
013436   
013437   
013438   
013439   
013440   
013441   
013442   
013443   
013444   
013445   
013446   
013447   
013448   
013449   
013450   
013451   
013452   
013453   
013454   
013455   
013456   
013457   
013458   
013459   
013500   
013501   
013502   
013503   
013504   
013505   
013506   
013507   
013508   
013509   
013510   
013511   
013512   
013513   
013514   
013515   
013516   
013517   
013518   
013519   
013520   
013521   
013522   
013523   
013524   
013525   
013526   
013527   
013528   
013529   
013530   
013531   
013532   
013533   
013534   
013535   
013536   
013537   
013538   
013539   
013540   
013541   
013542   
013543   
013544   
013545   
013546   
013547   
013548   
013549   
013550   
013551   
013552   
013553   
013554   
013555   
013556   
013557   
013558   
013559   
013600   
013601   
013602   
013603   
013604   
013605   
013606   
013607   
013608   
013609   
013610   
013611   
013612   
013613   
013614   
013615   
013616   
013617   
013618   
013619   
013620   
013621   
013622   
013623   
013624   
013625   
013626   
013627   
013628   
013629   
013630   
013631   
013632   
013633   
013634   
013635   
013636   
013637   
013638   
013639   
013640   
013641   
013642   
013643   
013644   
013645   
013646   
013647   
013648   
013649   
013650   
013651   
013652   
013653   
013654   
013655   
013656   
013657   
013658   
013659   
013700   
013701   
013702   
013703   
013704   
013705   
013706   
013707   
013708   
013709   
013710   
013711   
013712   
013713   
013714   
013715   
013716   
013717   
013718   
013719   
013720   
013721   
013722   
013723   
013724   
013725   
013726   
013727   
013728   
013729   
013730   
013731   
013732   
013733   
013734   
013735   
013736   
013737   
013738   
013739   
013740   
013741   
013742   
013743   
013744   
013745   
013746   
013747   
013748   
013749   
013750   
013751   
013752   
013753   
013754   
013755   
013756   
013757   
013758   
013759   
013800   
013801   
013802   
013803   
013804   
013805   
013806   
013807   
013808   
013809   
013810   
013811   
013812   
013813   
013814   
013815   
013816   
013817   
013818   
013819   
013820   
013821   
013822   
013823   
013824   
013825   
013826   
013827   
013828   
013829   
013830   
013831   
013832   
013833   
013834   
013835   
013836   
013837   
013838   
013839   
013840   
013841   
013842   
013843   
013844   
013845   
013846   
013847   
013848   
013849   
013850   
013851   
013852   
013853   
013854   
013855   
013856   
013857   
013858   
013859   
013900   
013901   
013902   
013903   
013904   
013905   
013906   
013907   
013908   
013909   
013910   
013911   
013912   
013913   
013914   
013915   
013916   
013917   
013918   
013919   
013920   
013921   
013922   
013923   
013924   
013925   
013926   
013927   
013928   
013929   
013930   
013931   
013932   
013933   
013934   
013935   
013936   
013937   
013938   
013939   
013940   
013941   
013942   
013943   
013944   
013945   
013946   
013947   
013948   
013949   
013950   
013951   
013952   
013953   
013954   
013955   
013956   
013957   
013958   
013959   
014000   
014001   
014002   
014003   
014004   
014005   
014006   
014007   
014008   
014009   
014010   
014011   
014012   
014013   
014014   
014015   
014016   
014017   
014018   
014019   
014020   
014021   
014022   
014023   
014024   
014025   
014026   
014027   
014028   
014029   
014030   
014031   
014032   
014033   
014034   
014035   
014036   
014037   
014038   
014039   
014040   
014041   
014042   
014043   
014044   
014045   
014046   
014047   
014048   
014049   
014050   
014051   
014052   
014053   
014054   
014055   
014056   
014057   
014058   
014059   
014100   
014101   
014102   
014103   
014104   
014105   
014106   
014107   
014108   
014109   
014110   
014111   
014112   
014113   
014114   
014115   
014116   
014117   
014118   
014119   
014120   
014121   
014122   
014123   
014124   
014125   
014126   
014127   
014128   
014129   
014130   
014131   
014132   
014133   
014134   
014135   
014136   
014137   
014138   
014139   
014140   
014141   
014142   
014143   
014144   
014145   
014146   
014147   
014148   
014149   
014150   
014151   
014152   
014153   
014154   
014155   
014156   
014157   
014158   
014159   
014200   
014201   
014202   
014203   
014204   
014205   
014206   
014207   
014208   
014209   
014210   
014211   
014212   
014213   
014214   
014215   
014216   
014217   
014218   
014219   
014220   
014221   
014222   
014223   
014224   
014225   
014226   
014227   
014228   
014229   
014230   
014231   
014232   
014233   
014234   
014235   
014236   
014237   
014238   
014239   
014240   
014241   
014242   
014243   
014244   
014245   
014246   
014247   
014248   
014249   
014250   
014251   
014252   
014253   
014254   
014255   
014256   
014257   
014258   
014259   
014300   
014301   
014302   
014303   
014304   
014305   
014306   
014307   
014308   
014309   
014310   
014311   
014312   
014313   
014314   
014315   
014316   
014317   
014318   
014319   
014320   
014321   
014322   
014323   
014324   
014325   
014326   
014327   
014328   
014329   
014330   
014331   
014332   
014333   
014334   
014335   
014336   
014337   
014338   
014339   
014340   
014341   
014342   
014343   
014344   
014345   
014346   
014347   
014348   
014349   
014350   
014351   
014352   
014353   
014354   
014355   
014356   
014357   
014358   
014359   
014400   
014401   
014402   
014403   
014404   
014405   
014406   
014407   
014408   
014409   
014410   
014411   
014412   
014413   
014414   
014415   
014416   
014417   
014418   
014419   
014420   
014421   
014422   
014423   
014424   
014425   
014426   
014427   
014428   
014429   
014430   
014431   
014432   
014433   
014434   
014435   
014436   
014437   
014438   
014439   
014440   
014441   
014442   
014443   
014444   
014445   
014446   
014447   
014448   
014449   
014450   
014451   
014452   
014453   
014454   
014455   
014456   
014457   
014458   
014459   
014500   
014501   
014502   
014503   
014504   
014505   
014506   
014507   
014508   
014509   
014510   
014511   
014512   
014513   
014514   
014515   
014516   
014517   
014518   
014519   
014520   
014521   
014522   
014523   
014524   
014525   
014526   
014527   
014528   
014529   
014530   
014531   
014532   
014533   
014534   
014535   
014536   
014537   
014538   
014539   
014540   
014541   
014542   
014543   
014544   
014545   
014546   
014547   
014548   
014549   
014550   
014551   
014552   
014553   
014554   
014555   
014556   
014557   
014558   
014559   
014600   
014601   
014602   
014603   
014604   
014605   
014606   
014607   
014608   
014609   
014610   
014611   
014612   
014613   
014614   
014615   
014616   
014617   
014618   
014619   
014620   
014621   
014622   
014623   
014624   
014625   
014626   
014627   
014628   
014629   
014630   
014631   
014632   
014633   
014634   
014635   
014636   
014637   
014638   
014639   
014640   
014641   
014642   
014643   
014644   
014645   
014646   
014647   
014648   
014649   
014650   
014651   
014652   
014653   
014654   
014655   
014656   
014657   
014658   
014659   
014700   
014701   
014702   
014703   
014704   
014705   
014706   
014707   
014708   
014709   
014710   
014711   
014712   
014713   
014714   
014715   
014716   
014717   
014718   
014719   
014720   
014721   
014722   
014723   
014724   
014725   
014726   
014727   
014728   
014729   
014730   
014731   
014732   
014733   
014734   
014735   
014736   
014737   
014738   
014739   
014740   
014741   
014742   
014743   
014744   
014745   
014746   
014747   
014748   
014749   
014750   
014751   
014752   
014753   
014754   
014755   
014756   
014757   
014758   
014759   
014800   
014801   
014802   
014803   
014804   
014805   
014806   
014807   
014808   
014809   
014810   
014811   
014812   
014813   
014814   
014815   
014816   
014817   
014818   
014819   
014820   
014821   
014822   
014823   
014824   
014825   
014826   
014827   
014828   
014829   
014830   
014831   
014832   
014833   
014834   
014835   
014836   
014837   
014838   
014839   
014840   
014841   
014842   
014843   
014844   
014845   
014846   
014847   
014848   
014849   
014850   
014851   
014852   
014853   
014854   
014855   
014856   
014857   
014858   
014859   
014900   
014901   
014902   
014903   
014904   
014905   
014906   
014907   
014908   
014909   
014910   
014911   
014912   
014913   
014914   
014915   
014916   
014917   
014918   
014919   
014920   
014921   
014922   
014923   
014924   
014925   
014926   
014927   
014928   
014929   
014930   
014931   
014932   
014933   
014934   
014935   
014936   
014937   
014938   
014939   
014940   
014941   
014942   
014943   
014944   
014945   
014946   
014947   
014948   
014949   
014950   
014951   
014952   
014953   
014954   
014955   
014956   
014957   
014958   
014959   
015000   
015001   
015002   
015003   
015004   
015005   
015006   
015007   
015008   
015009   
015010   
015011   
015012   
015013   
015014   
015015   
015016   
015017   
015018   
015019   
015020   
015021   
015022   
015023   
015024   
015025   
015026   
015027   
015028   
015029   
015030   
015031   
015032   
015033   
015034   
015035   
015036   
015037   
015038   
015039   
015040   
015041   
015042   
015043   
015044   
015045   
015046   
015047   
015048   
015049   
015050   
015051   
015052   
015053   
015054   
015055   
015056   
015057   
015058   
015059   
015100   
015101   
015102   
015103   
015104   
015105   
015106   
015107   
015108   
015109   
015110   
015111   
015112   
015113   
015114   
015115   
015116   
015117   
015118   
015119   
015120   
015121   
015122   
015123   
015124   
015125   
015126   
015127   
015128   
015129   
015130   
015131   
015132   
015133   
015134   
015135   
015136   
015137   
015138   
015139   
015140   
015141   
015142   
015143   
015144   
015145   
015146   
015147   
015148   
015149   
015150   
015151   
015152   
015153   
015154   
015155   
015156   
015157   
015158   
015159   
015200   
015201   
015202   
015203   
015204   
015205   
015206   
015207   
015208   
015209   
015210   
015211   
015212   
015213   
015214   
015215   
015216   
015217   
015218   
015219   
015220   
015221   
015222   
015223   
015224   
015225   
015226   
015227   
015228   
015229   
015230   
015231   
015232   
015233   
015234   
015235   
015236   
015237   
015238   
015239   
015240   
015241   
015242   
015243   
015244   
015245   
015246   
015247   
015248   
015249   
015250   
015251   
015252   
015253   
015254   
015255   
015256   
015257   
015258   
015259   
015300   
015301   
015302   
015303   
015304   
015305   
015306   
015307   
015308   
015309   
015310   
015311   
015312   
015313   
015314   
015315   
015316   
015317   
015318   
015319   
015320   
015321   
015322   
015323   
015324   
015325   
015326   
015327   
015328   
015329   
015330   
015331   
015332   
015333   
015334   
015335   
015336   
015337   
015338   
015339   
015340   
015341   
015342   
015343   
015344   
015345   
015346   
015347   
015348   
015349   
015350   
015351   
015352   
015353   
015354   
015355   
015356   
015357   
015358   
015359   
015400   
015401   
015402   
015403   
015404   
015405   
015406   
015407   
015408   
015409   
015410   
015411   
015412   
015413   
015414   
015415   
015416   
015417   
015418   
015419   
015420   
015421   
015422   
015423   
015424   
015425   
015426   
015427   
015428   
015429   
015430   
015431   
015432   
015433   
015434   
015435   
015436   
015437   
015438   
015439   
015440   
015441   
015442   
015443   
015444   
015445   
015446   
015447   
015448   
015449   
015450   
015451   
015452   
015453   
015454   
015455   
015456   
015457   
015458   
015459   
015500   
015501   
015502   
015503   
015504   
015505   
015506   
015507   
015508   
015509   
015510   
015511   
015512   
015513   
015514   
015515   
015516   
015517   
015518   
015519   
015520   
015521   
015522   
015523   
015524   
015525   
015526   
015527   
015528   
015529   
015530   
015531   
015532   
015533   
015534   
015535   
015536   
015537   
015538   
015539   
015540   
015541   
015542   
015543   
015544   
015545   
015546   
015547   
015548   
015549   
015550   
015551   
015552   
015553   
015554   
015555   
015556   
015557   
015558   
015559   
015600   
015601   
015602   
015603   
015604   
015605   
015606   
015607   
015608   
015609   
015610   
015611   
015612   
015613   
015614   
015615   
015616   
015617   
015618   
015619   
015620   
015621   
015622   
015623   
015624   
015625   
015626   
015627   
015628   
015629   
015630   
015631   
015632   
015633   
015634   
015635   
015636   
015637   
015638   
015639   
015640   
015641   
015642   
015643   
015644   
015645   
015646   
015647   
015648   
015649   
015650   
015651   
015652   
015653   
015654   
015655   
015656   
015657   
015658   
015659   
015700   
015701   
015702   
015703   
015704   
015705   
015706   
015707   
015708   
015709   
015710   
015711   
015712   
015713   
015714   
015715   
015716   
015717   
015718   
015719   
015720   
015721   
015722   
015723   
015724   
015725   
015726   
015727   
015728   
015729   
015730   
015731   
015732   
015733   
015734   
015735   
015736   
015737   
015738   
015739   
015740   
015741   
015742   
015743   
015744   
015745   
015746   
015747   
015748   
015749   
015750   
015751   
015752   
015753   
015754   
015755   
015756   
015757   
015758   
015759   
015800   
015801   
015802   
015803   
015804   
015805   
015806   
015807   
015808   
015809   
015810   
015811   
015812   
015813   
015814   
015815   
015816   
015817   
015818   
015819   
015820   
015821   
015822   
015823   
015824   
015825   
015826   
015827   
015828   
015829   
015830   
015831   
015832   
015833   
015834   
015835   
015836   
015837   
015838   
015839   
015840   
015841   
015842   
015843   
015844   
015845   
015846   
015847   
015848   
015849   
015850   
015851   
015852   
015853   
015854   
015855   
015856   
015857   
015858   
015859   
015900   
015901   
015902   
015903   
015904   
015905   
015906   
015907   
015908   
015909   
015910   
015911   
015912   
015913   
015914   
015915   
015916   
015917   
015918   
015919   
015920   
015921   
015922   
015923   
015924   
015925   
015926   
015927   
015928   
015929   
015930   
015931   
015932   
015933   
015934   
015935   
015936   
015937   
015938   
015939   
015940   
015941   
015942   
015943   
015944   
015945   
015946   
015947   
015948   
015949   
015950   
015951   
015952   
015953   
015954   
015955   
015956   
015957   
015958   
015959   
