020000   
020001   
020002   
020003   
020004   
020005   
020006   
020007   
020008   
020009   
020010   
020011   
020012   
020013   
020014   
020015   
020016   
020017   
020018   
020019   
020020   
020021   
020022   
020023   
020024   
020025   
020026   
020027   
020028   
020029   
020030   
020031   
020032   
020033   
020034   
020035   
020036   
020037   
020038   
020039   
020040   
020041   
020042   
020043   
020044   
020045   
020046   
020047   
020048   
020049   
020050   
020051   
020052   
020053   
020054   
020055   
020056   
020057   
020058   
020059   
020100   
020101   
020102   
020103   
020104   
020105   
020106   
020107   
020108   
020109   
020110   
020111   
020112   
020113   
020114   
020115   
020116   
020117   
020118   
020119   
020120   
020121   
020122   
020123   
020124   
020125   
020126   
020127   
020128   
020129   
020130   
020131   
020132   
020133   
020134   
020135   
020136   
020137   
020138   
020139   
020140   
020141   
020142   
020143   
020144   
020145   
020146   
020147   
020148   
020149   
020150   
020151   
020152   
020153   
020154   
020155   
020156   
020157   
020158   
020159   
020200   
020201   
020202   
020203   
020204   
020205   
020206   
020207   
020208   
020209   
020210   
020211   
020212   
020213   
020214   
020215   
020216   
020217   
020218   
020219   
020220   
020221   
020222   
020223   
020224   
020225   
020226   
020227   
020228   
020229   
020230   
020231   
020232   
020233   
020234   
020235   
020236   
020237   
020238   
020239   
020240   
020241   
020242   
020243   
020244   
020245   
020246   
020247   
020248   
020249   
020250   
020251   
020252   
020253   
020254   
020255   
020256   
020257   
020258   
020259   
020300   
020301   
020302   
020303   
020304   
020305   
020306   
020307   
020308   
020309   
020310   
020311   
020312   
020313   
020314   
020315   
020316   
020317   
020318   
020319   
020320   
020321   
020322   
020323   
020324   
020325   
020326   
020327   
020328   
020329   
020330   
020331   
020332   
020333   
020334   
020335   
020336   
020337   
020338   
020339   
020340   
020341   
020342   
020343   
020344   
020345   
020346   
020347   
020348   
020349   
020350   
020351   
020352   
020353   
020354   
020355   
020356   
020357   
020358   
020359   
020400   
020401   
020402   
020403   
020404   
020405   
020406   
020407   
020408   
020409   
020410   
020411   
020412   
020413   
020414   
020415   
020416   
020417   
020418   
020419   
020420   
020421   
020422   
020423   
020424   
020425   
020426   
020427   
020428   
020429   
020430   
020431   
020432   
020433   
020434   
020435   
020436   
020437   
020438   
020439   
020440   
020441   
020442   
020443   
020444   
020445   
020446   
020447   
020448   
020449   
020450   
020451   
020452   
020453   
020454   
020455   
020456   
020457   
020458   
020459   
020500   
020501   
020502   
020503   
020504   
020505   
020506   
020507   
020508   
020509   
020510   
020511   
020512   
020513   
020514   
020515   
020516   
020517   
020518   
020519   
020520   
020521   
020522   
020523   
020524   
020525   
020526   
020527   
020528   
020529   
020530   
020531   
020532   
020533   
020534   
020535   
020536   
020537   
020538   
020539   
020540   
020541   
020542   
020543   
020544   
020545   
020546   
020547   
020548   
020549   
020550   
020551   
020552   
020553   
020554   
020555   
020556   
020557   
020558   
020559   
020600   
020601   
020602   
020603   
020604   
020605   
020606   
020607   
020608   
020609   
020610   
020611   
020612   
020613   
020614   
020615   
020616   
020617   
020618   
020619   
020620   
020621   
020622   
020623   
020624   
020625   
020626   
020627   
020628   
020629   
020630   
020631   
020632   
020633   
020634   
020635   
020636   
020637   
020638   
020639   
020640   
020641   
020642   
020643   
020644   
020645   
020646   
020647   
020648   
020649   
020650   
020651   
020652   
020653   
020654   
020655   
020656   
020657   
020658   
020659   
020700   
020701   
020702   
020703   
020704   
020705   
020706   
020707   
020708   
020709   
020710   
020711   
020712   
020713   
020714   
020715   
020716   
020717   
020718   
020719   
020720   
020721   
020722   
020723   
020724   
020725   
020726   
020727   
020728   
020729   
020730   
020731   
020732   
020733   
020734   
020735   
020736   
020737   
020738   
020739   
020740   
020741   
020742   
020743   
020744   
020745   
020746   
020747   
020748   
020749   
020750   
020751   
020752   
020753   
020754   
020755   
020756   
020757   
020758   
020759   
020800   
020801   
020802   
020803   
020804   
020805   
020806   
020807   
020808   
020809   
020810   
020811   
020812   
020813   
020814   
020815   
020816   
020817   
020818   
020819   
020820   
020821   
020822   
020823   
020824   
020825   
020826   
020827   
020828   
020829   
020830   
020831   
020832   
020833   
020834   
020835   
020836   
020837   
020838   
020839   
020840   
020841   
020842   
020843   
020844   
020845   
020846   
020847   
020848   
020849   
020850   
020851   
020852   
020853   
020854   
020855   
020856   
020857   
020858   
020859   
020900   
020901   
020902   
020903   
020904   
020905   
020906   
020907   
020908   
020909   
020910   
020911   
020912   
020913   
020914   
020915   
020916   
020917   
020918   
020919   
020920   
020921   
020922   
020923   
020924   
020925   
020926   
020927   
020928   
020929   
020930   
020931   
020932   
020933   
020934   
020935   
020936   
020937   
020938   
020939   
020940   
020941   
020942   
020943   
020944   
020945   
020946   
020947   
020948   
020949   
020950   
020951   
020952   
020953   
020954   
020955   
020956   
020957   
020958   
020959   
021000   
021001   
021002   
021003   
021004   
021005   
021006   
021007   
021008   
021009   
021010   
021011   
021012   
021013   
021014   
021015   
021016   
021017   
021018   
021019   
021020   
021021   
021022   
021023   
021024   
021025   
021026   
021027   
021028   
021029   
021030   
021031   
021032   
021033   
021034   
021035   
021036   
021037   
021038   
021039   
021040   
021041   
021042   
021043   
021044   
021045   
021046   
021047   
021048   
021049   
021050   
021051   
021052   
021053   
021054   
021055   
021056   
021057   
021058   
021059   
021100   
021101   
021102   
021103   
021104   
021105   
021106   
021107   
021108   
021109   
021110   
021111   
021112   
021113   
021114   
021115   
021116   
021117   
021118   
021119   
021120   
021121   
021122   
021123   
021124   
021125   
021126   
021127   
021128   
021129   
021130   
021131   
021132   
021133   
021134   
021135   
021136   
021137   
021138   
021139   
021140   
021141   
021142   
021143   
021144   
021145   
021146   
021147   
021148   
021149   
021150   
021151   
021152   
021153   
021154   
021155   
021156   
021157   
021158   
021159   
021200   
021201   
021202   
021203   
021204   
021205   
021206   
021207   
021208   
021209   
021210   
021211   
021212   
021213   
021214   
021215   
021216   
021217   
021218   
021219   
021220   
021221   
021222   
021223   
021224   
021225   
021226   
021227   
021228   
021229   
021230   
021231   
021232   
021233   
021234   
021235   
021236   
021237   
021238   
021239   
021240   
021241   
021242   
021243   
021244   
021245   
021246   
021247   
021248   
021249   
021250   
021251   
021252   
021253   
021254   
021255   
021256   
021257   
021258   
021259   
021300   
021301   
021302   
021303   
021304   
021305   
021306   
021307   
021308   
021309   
021310   
021311   
021312   
021313   
021314   
021315   
021316   
021317   
021318   
021319   
021320   
021321   
021322   
021323   
021324   
021325   
021326   
021327   
021328   
021329   
021330   
021331   
021332   
021333   
021334   
021335   
021336   
021337   
021338   
021339   
021340   
021341   
021342   
021343   
021344   
021345   
021346   
021347   
021348   
021349   
021350   
021351   
021352   
021353   
021354   
021355   
021356   
021357   
021358   
021359   
021400   
021401   
021402   
021403   
021404   
021405   
021406   
021407   
021408   
021409   
021410   
021411   
021412   
021413   
021414   
021415   
021416   
021417   
021418   
021419   
021420   
021421   
021422   
021423   
021424   
021425   
021426   
021427   
021428   
021429   
021430   
021431   
021432   
021433   
021434   
021435   
021436   
021437   
021438   
021439   
021440   
021441   
021442   
021443   
021444   
021445   
021446   
021447   
021448   
021449   
021450   
021451   
021452   
021453   
021454   
021455   
021456   
021457   
021458   
021459   
021500   
021501   
021502   
021503   
021504   
021505   
021506   
021507   
021508   
021509   
021510   
021511   
021512   
021513   
021514   
021515   
021516   
021517   
021518   
021519   
021520   
021521   
021522   
021523   
021524   
021525   
021526   
021527   
021528   
021529   
021530   
021531   
021532   
021533   
021534   
021535   
021536   
021537   
021538   
021539   
021540   
021541   
021542   
021543   
021544   
021545   
021546   
021547   
021548   
021549   
021550   
021551   
021552   
021553   
021554   
021555   
021556   
021557   
021558   
021559   
021600   
021601   
021602   
021603   
021604   
021605   
021606   
021607   
021608   
021609   
021610   
021611   
021612   
021613   
021614   
021615   
021616   
021617   
021618   
021619   
021620   
021621   
021622   
021623   
021624   
021625   
021626   
021627   
021628   
021629   
021630   
021631   
021632   
021633   
021634   
021635   
021636   
021637   
021638   
021639   
021640   
021641   
021642   
021643   
021644   
021645   
021646   
021647   
021648   
021649   
021650   
021651   
021652   
021653   
021654   
021655   
021656   
021657   
021658   
021659   
021700   
021701   
021702   
021703   
021704   
021705   
021706   
021707   
021708   
021709   
021710   
021711   
021712   
021713   
021714   
021715   
021716   
021717   
021718   
021719   
021720   
021721   
021722   
021723   
021724   
021725   
021726   
021727   
021728   
021729   
021730   
021731   
021732   
021733   
021734   
021735   
021736   
021737   
021738   
021739   
021740   
021741   
021742   
021743   
021744   
021745   
021746   
021747   
021748   
021749   
021750   
021751   
021752   
021753   
021754   
021755   
021756   
021757   
021758   
021759   
021800   
021801   
021802   
021803   
021804   
021805   
021806   
021807   
021808   
021809   
021810   
021811   
021812   
021813   
021814   
021815   
021816   
021817   
021818   
021819   
021820   
021821   
021822   
021823   
021824   
021825   
021826   
021827   
021828   
021829   
021830   
021831   
021832   
021833   
021834   
021835   
021836   
021837   
021838   
021839   
021840   
021841   
021842   
021843   
021844   
021845   
021846   
021847   
021848   
021849   
021850   
021851   
021852   
021853   
021854   
021855   
021856   
021857   
021858   
021859   
021900   
021901   
021902   
021903   
021904   
021905   
021906   
021907   
021908   
021909   
021910   
021911   
021912   
021913   
021914   
021915   
021916   
021917   
021918   
021919   
021920   
021921   
021922   
021923   
021924   
021925   
021926   
021927   
021928   
021929   
021930   
021931   
021932   
021933   
021934   
021935   
021936   
021937   
021938   
021939   
021940   
021941   
021942   
021943   
021944   
021945   
021946   
021947   
021948   
021949   
021950   
021951   
021952   
021953   
021954   
021955   
021956   
021957   
021958   
021959   
022000   
022001   
022002   
022003   
022004   
022005   
022006   
022007   
022008   
022009   
022010   
022011   
022012   
022013   
022014   
022015   
022016   
022017   
022018   
022019   
022020   
022021   
022022   
022023   
022024   
022025   
022026   
022027   
022028   
022029   
022030   
022031   
022032   
022033   
022034   
022035   
022036   
022037   
022038   
022039   
022040   
022041   
022042   
022043   
022044   
022045   
022046   
022047   
022048   
022049   
022050   
022051   
022052   
022053   
022054   
022055   
022056   
022057   
022058   
022059   
022100   
022101   
022102   
022103   
022104   
022105   
022106   
022107   
022108   
022109   
022110   
022111   
022112   
022113   
022114   
022115   
022116   
022117   
022118   
022119   
022120   
022121   
022122   
022123   
022124   
022125   
022126   
022127   
022128   
022129   
022130   
022131   
022132   
022133   
022134   
022135   
022136   
022137   
022138   
022139   
022140   
022141   
022142   
022143   
022144   
022145   
022146   
022147   
022148   
022149   
022150   
022151   
022152   
022153   
022154   
022155   
022156   
022157   
022158   
022159   
022200   
022201   
022202   
022203   
022204   
022205   
022206   
022207   
022208   
022209   
022210   
022211   
022212   
022213   
022214   
022215   
022216   
022217   
022218   
022219   
022220   
022221   
022222   
022223   
022224   
022225   
022226   
022227   
022228   
022229   
022230   
022231   
022232   
022233   
022234   
022235   
022236   
022237   
022238   
022239   
022240   
022241   
022242   
022243   
022244   
022245   
022246   
022247   
022248   
022249   
022250   
022251   
022252   
022253   
022254   
022255   
022256   
022257   
022258   
022259   
022300   
022301   
022302   
022303   
022304   
022305   
022306   
022307   
022308   
022309   
022310   
022311   
022312   
022313   
022314   
022315   
022316   
022317   
022318   
022319   
022320   
022321   
022322   
022323   
022324   
022325   
022326   
022327   
022328   
022329   
022330   
022331   
022332   
022333   
022334   
022335   
022336   
022337   
022338   
022339   
022340   
022341   
022342   
022343   
022344   
022345   
022346   
022347   
022348   
022349   
022350   
022351   
022352   
022353   
022354   
022355   
022356   
022357   
022358   
022359   
022400   
022401   
022402   
022403   
022404   
022405   
022406   
022407   
022408   
022409   
022410   
022411   
022412   
022413   
022414   
022415   
022416   
022417   
022418   
022419   
022420   
022421   
022422   
022423   
022424   
022425   
022426   
022427   
022428   
022429   
022430   
022431   
022432   
022433   
022434   
022435   
022436   
022437   
022438   
022439   
022440   
022441   
022442   
022443   
022444   
022445   
022446   
022447   
022448   
022449   
022450   
022451   
022452   
022453   
022454   
022455   
022456   
022457   
022458   
022459   
022500   
022501   
022502   
022503   
022504   
022505   
022506   
022507   
022508   
022509   
022510   
022511   
022512   
022513   
022514   
022515   
022516   
022517   
022518   
022519   
022520   
022521   
022522   
022523   
022524   
022525   
022526   
022527   
022528   
022529   
022530   
022531   
022532   
022533   
022534   
022535   
022536   
022537   
022538   
022539   
022540   
022541   
022542   
022543   
022544   
022545   
022546   
022547   
022548   
022549   
022550   
022551   
022552   
022553   
022554   
022555   
022556   
022557   
022558   
022559   
022600   
022601   
022602   
022603   
022604   
022605   
022606   
022607   
022608   
022609   
022610   
022611   
022612   
022613   
022614   
022615   
022616   
022617   
022618   
022619   
022620   
022621   
022622   
022623   
022624   
022625   
022626   
022627   
022628   
022629   
022630   
022631   
022632   
022633   
022634   
022635   
022636   
022637   
022638   
022639   
022640   
022641   
022642   
022643   
022644   
022645   
022646   
022647   
022648   
022649   
022650   
022651   
022652   
022653   
022654   
022655   
022656   
022657   
022658   
022659   
022700   
022701   
022702   
022703   
022704   
022705   
022706   
022707   
022708   
022709   
022710   
022711   
022712   
022713   
022714   
022715   
022716   
022717   
022718   
022719   
022720   
022721   
022722   
022723   
022724   
022725   
022726   
022727   
022728   
022729   
022730   
022731   
022732   
022733   
022734   
022735   
022736   
022737   
022738   
022739   
022740   
022741   
022742   
022743   
022744   
022745   
022746   
022747   
022748   
022749   
022750   
022751   
022752   
022753   
022754   
022755   
022756   
022757   
022758   
022759   
022800   
022801   
022802   
022803   
022804   
022805   
022806   
022807   
022808   
022809   
022810   
022811   
022812   
022813   
022814   
022815   
022816   
022817   
022818   
022819   
022820   
022821   
022822   
022823   
022824   
022825   
022826   
022827   
022828   
022829   
022830   
022831   
022832   
022833   
022834   
022835   
022836   
022837   
022838   
022839   
022840   
022841   
022842   
022843   
022844   
022845   
022846   
022847   
022848   
022849   
022850   
022851   
022852   
022853   
022854   
022855   
022856   
022857   
022858   
022859   
022900   
022901   
022902   
022903   
022904   
022905   
022906   
022907   
022908   
022909   
022910   
022911   
022912   
022913   
022914   
022915   
022916   
022917   
022918   
022919   
022920   
022921   
022922   
022923   
022924   
022925   
022926   
022927   
022928   
022929   
022930   
022931   
022932   
022933   
022934   
022935   
022936   
022937   
022938   
022939   
022940   
022941   
022942   
022943   
022944   
022945   
022946   
022947   
022948   
022949   
022950   
022951   
022952   
022953   
022954   
022955   
022956   
022957   
022958   
022959   
023000   
023001   
023002   
023003   
023004   
023005   
023006   
023007   
023008   
023009   
023010   
023011   
023012   
023013   
023014   
023015   
023016   
023017   
023018   
023019   
023020   
023021   
023022   
023023   
023024   
023025   
023026   
023027   
023028   
023029   
023030   
023031   
023032   
023033   
023034   
023035   
023036   
023037   
023038   
023039   
023040   
023041   
023042   
023043   
023044   
023045   
023046   
023047   
023048   
023049   
023050   
023051   
023052   
023053   
023054   
023055   
023056   
023057   
023058   
023059   
023100   
023101   
023102   
023103   
023104   
023105   
023106   
023107   
023108   
023109   
023110   
023111   
023112   
023113   
023114   
023115   
023116   
023117   
023118   
023119   
023120   
023121   
023122   
023123   
023124   
023125   
023126   
023127   
023128   
023129   
023130   
023131   
023132   
023133   
023134   
023135   
023136   
023137   
023138   
023139   
023140   
023141   
023142   
023143   
023144   
023145   
023146   
023147   
023148   
023149   
023150   
023151   
023152   
023153   
023154   
023155   
023156   
023157   
023158   
023159   
023200   
023201   
023202   
023203   
023204   
023205   
023206   
023207   
023208   
023209   
023210   
023211   
023212   
023213   
023214   
023215   
023216   
023217   
023218   
023219   
023220   
023221   
023222   
023223   
023224   
023225   
023226   
023227   
023228   
023229   
023230   
023231   
023232   
023233   
023234   
023235   
023236   
023237   
023238   
023239   
023240   
023241   
023242   
023243   
023244   
023245   
023246   
023247   
023248   
023249   
023250   
023251   
023252   
023253   
023254   
023255   
023256   
023257   
023258   
023259   
023300   
023301   
023302   
023303   
023304   
023305   
023306   
023307   
023308   
023309   
023310   
023311   
023312   
023313   
023314   
023315   
023316   
023317   
023318   
023319   
023320   
023321   
023322   
023323   
023324   
023325   
023326   
023327   
023328   
023329   
023330   
023331   
023332   
023333   
023334   
023335   
023336   
023337   
023338   
023339   
023340   
023341   
023342   
023343   
023344   
023345   
023346   
023347   
023348   
023349   
023350   
023351   
023352   
023353   
023354   
023355   
023356   
023357   
023358   
023359   
023400   
023401   
023402   
023403   
023404   
023405   
023406   
023407   
023408   
023409   
023410   
023411   
023412   
023413   
023414   
023415   
023416   
023417   
023418   
023419   
023420   
023421   
023422   
023423   
023424   
023425   
023426   
023427   
023428   
023429   
023430   
023431   
023432   
023433   
023434   
023435   
023436   
023437   
023438   
023439   
023440   
023441   
023442   
023443   
023444   
023445   
023446   
023447   
023448   
023449   
023450   
023451   
023452   
023453   
023454   
023455   
023456   
023457   
023458   
023459   
023500   
023501   
023502   
023503   
023504   
023505   
023506   
023507   
023508   
023509   
023510   
023511   
023512   
023513   
023514   
023515   
023516   
023517   
023518   
023519   
023520   
023521   
023522   
023523   
023524   
023525   
023526   
023527   
023528   
023529   
023530   
023531   
023532   
023533   
023534   
023535   
023536   
023537   
023538   
023539   
023540   
023541   
023542   
023543   
023544   
023545   
023546   
023547   
023548   
023549   
023550   
023551   
023552   
023553   
023554   
023555   
023556   
023557   
023558   
023559   
023600   
023601   
023602   
023603   
023604   
023605   
023606   
023607   
023608   
023609   
023610   
023611   
023612   
023613   
023614   
023615   
023616   
023617   
023618   
023619   
023620   
023621   
023622   
023623   
023624   
023625   
023626   
023627   
023628   
023629   
023630   
023631   
023632   
023633   
023634   
023635   
023636   
023637   
023638   
023639   
023640   
023641   
023642   
023643   
023644   
023645   
023646   
023647   
023648   
023649   
023650   
023651   
023652   
023653   
023654   
023655   
023656   
023657   
023658   
023659   
023700   
023701   
023702   
023703   
023704   
023705   
023706   
023707   
023708   
023709   
023710   
023711   
023712   
023713   
023714   
023715   
023716   
023717   
023718   
023719   
023720   
023721   
023722   
023723   
023724   
023725   
023726   
023727   
023728   
023729   
023730   
023731   
023732   
023733   
023734   
023735   
023736   
023737   
023738   
023739   
023740   
023741   
023742   
023743   
023744   
023745   
023746   
023747   
023748   
023749   
023750   
023751   
023752   
023753   
023754   
023755   
023756   
023757   
023758   
023759   
023800   
023801   
023802   
023803   
023804   
023805   
023806   
023807   
023808   
023809   
023810   
023811   
023812   
023813   
023814   
023815   
023816   
023817   
023818   
023819   
023820   
023821   
023822   
023823   
023824   
023825   
023826   
023827   
023828   
023829   
023830   
023831   
023832   
023833   
023834   
023835   
023836   
023837   
023838   
023839   
023840   
023841   
023842   
023843   
023844   
023845   
023846   
023847   
023848   
023849   
023850   
023851   
023852   
023853   
023854   
023855   
023856   
023857   
023858   
023859   
023900   
023901   
023902   
023903   
023904   
023905   
023906   
023907   
023908   
023909   
023910   
023911   
023912   
023913   
023914   
023915   
023916   
023917   
023918   
023919   
023920   
023921   
023922   
023923   
023924   
023925   
023926   
023927   
023928   
023929   
023930   
023931   
023932   
023933   
023934   
023935   
023936   
023937   
023938   
023939   
023940   
023941   
023942   
023943   
023944   
023945   
023946   
023947   
023948   
023949   
023950   
023951   
023952   
023953   
023954   
023955   
023956   
023957   
023958   
023959   
024000   
024001   
024002   
024003   
024004   
024005   
024006   
024007   
024008   
024009   
024010   
024011   
024012   
024013   
024014   
024015   
024016   
024017   
024018   
024019   
024020   
024021   
024022   
024023   
024024   
024025   
024026   
024027   
024028   
024029   
024030   
024031   
024032   
024033   
024034   
024035   
024036   
024037   
024038   
024039   
024040   
024041   
024042   
024043   
024044   
024045   
024046   
024047   
024048   
024049   
024050   
024051   
024052   
024053   
024054   
024055   
024056   
024057   
024058   
024059   
024100   
024101   
024102   
024103   
024104   
024105   
024106   
024107   
024108   
024109   
024110   
024111   
024112   
024113   
024114   
024115   
024116   
024117   
024118   
024119   
024120   
024121   
024122   
024123   
024124   
024125   
024126   
024127   
024128   
024129   
024130   
024131   
024132   
024133   
024134   
024135   
024136   
024137   
024138   
024139   
024140   
024141   
024142   
024143   
024144   
024145   
024146   
024147   
024148   
024149   
024150   
024151   
024152   
024153   
024154   
024155   
024156   
024157   
024158   
024159   
024200   
024201   
024202   
024203   
024204   
024205   
024206   
024207   
024208   
024209   
024210   
024211   
024212   
024213   
024214   
024215   
024216   
024217   
024218   
024219   
024220   
024221   
024222   
024223   
024224   
024225   
024226   
024227   
024228   
024229   
024230   
024231   
024232   
024233   
024234   
024235   
024236   
024237   
024238   
024239   
024240   
024241   
024242   
024243   
024244   
024245   
024246   
024247   
024248   
024249   
024250   
024251   
024252   
024253   
024254   
024255   
024256   
024257   
024258   
024259   
024300   
024301   
024302   
024303   
024304   
024305   
024306   
024307   
024308   
024309   
024310   
024311   
024312   
024313   
024314   
024315   
024316   
024317   
024318   
024319   
024320   
024321   
024322   
024323   
024324   
024325   
024326   
024327   
024328   
024329   
024330   
024331   
024332   
024333   
024334   
024335   
024336   
024337   
024338   
024339   
024340   
024341   
024342   
024343   
024344   
024345   
024346   
024347   
024348   
024349   
024350   
024351   
024352   
024353   
024354   
024355   
024356   
024357   
024358   
024359   
024400   
024401   
024402   
024403   
024404   
024405   
024406   
024407   
024408   
024409   
024410   
024411   
024412   
024413   
024414   
024415   
024416   
024417   
024418   
024419   
024420   
024421   
024422   
024423   
024424   
024425   
024426   
024427   
024428   
024429   
024430   
024431   
024432   
024433   
024434   
024435   
024436   
024437   
024438   
024439   
024440   
024441   
024442   
024443   
024444   
024445   
024446   
024447   
024448   
024449   
024450   
024451   
024452   
024453   
024454   
024455   
024456   
024457   
024458   
024459   
024500   
024501   
024502   
024503   
024504   
024505   
024506   
024507   
024508   
024509   
024510   
024511   
024512   
024513   
024514   
024515   
024516   
024517   
024518   
024519   
024520   
024521   
024522   
024523   
024524   
024525   
024526   
024527   
024528   
024529   
024530   
024531   
024532   
024533   
024534   
024535   
024536   
024537   
024538   
024539   
024540   
024541   
024542   
024543   
024544   
024545   
024546   
024547   
024548   
024549   
024550   
024551   
024552   
024553   
024554   
024555   
024556   
024557   
024558   
024559   
024600   
024601   
024602   
024603   
024604   
024605   
024606   
024607   
024608   
024609   
024610   
024611   
024612   
024613   
024614   
024615   
024616   
024617   
024618   
024619   
024620   
024621   
024622   
024623   
024624   
024625   
024626   
024627   
024628   
024629   
024630   
024631   
024632   
024633   
024634   
024635   
024636   
024637   
024638   
024639   
024640   
024641   
024642   
024643   
024644   
024645   
024646   
024647   
024648   
024649   
024650   
024651   
024652   
024653   
024654   
024655   
024656   
024657   
024658   
024659   
024700   
024701   
024702   
024703   
024704   
024705   
024706   
024707   
024708   
024709   
024710   
024711   
024712   
024713   
024714   
024715   
024716   
024717   
024718   
024719   
024720   
024721   
024722   
024723   
024724   
024725   
024726   
024727   
024728   
024729   
024730   
024731   
024732   
024733   
024734   
024735   
024736   
024737   
024738   
024739   
024740   
024741   
024742   
024743   
024744   
024745   
024746   
024747   
024748   
024749   
024750   
024751   
024752   
024753   
024754   
024755   
024756   
024757   
024758   
024759   
024800   
024801   
024802   
024803   
024804   
024805   
024806   
024807   
024808   
024809   
024810   
024811   
024812   
024813   
024814   
024815   
024816   
024817   
024818   
024819   
024820   
024821   
024822   
024823   
024824   
024825   
024826   
024827   
024828   
024829   
024830   
024831   
024832   
024833   
024834   
024835   
024836   
024837   
024838   
024839   
024840   
024841   
024842   
024843   
024844   
024845   
024846   
024847   
024848   
024849   
024850   
024851   
024852   
024853   
024854   
024855   
024856   
024857   
024858   
024859   
024900   
024901   
024902   
024903   
024904   
024905   
024906   
024907   
024908   
024909   
024910   
024911   
024912   
024913   
024914   
024915   
024916   
024917   
024918   
024919   
024920   
024921   
024922   
024923   
024924   
024925   
024926   
024927   
024928   
024929   
024930   
024931   
024932   
024933   
024934   
024935   
024936   
024937   
024938   
024939   
024940   
024941   
024942   
024943   
024944   
024945   
024946   
024947   
024948   
024949   
024950   
024951   
024952   
024953   
024954   
024955   
024956   
024957   
024958   
024959   
025000   
025001   
025002   
025003   
025004   
025005   
025006   
025007   
025008   
025009   
025010   
025011   
025012   
025013   
025014   
025015   
025016   
025017   
025018   
025019   
025020   
025021   
025022   
025023   
025024   
025025   
025026   
025027   
025028   
025029   
025030   
025031   
025032   
025033   
025034   
025035   
025036   
025037   
025038   
025039   
025040   
025041   
025042   
025043   
025044   
025045   
025046   
025047   
025048   
025049   
025050   
025051   
025052   
025053   
025054   
025055   
025056   
025057   
025058   
025059   
025100   
025101   
025102   
025103   
025104   
025105   
025106   
025107   
025108   
025109   
025110   
025111   
025112   
025113   
025114   
025115   
025116   
025117   
025118   
025119   
025120   
025121   
025122   
025123   
025124   
025125   
025126   
025127   
025128   
025129   
025130   
025131   
025132   
025133   
025134   
025135   
025136   
025137   
025138   
025139   
025140   
025141   
025142   
025143   
025144   
025145   
025146   
025147   
025148   
025149   
025150   
025151   
025152   
025153   
025154   
025155   
025156   
025157   
025158   
025159   
025200   
025201   
025202   
025203   
025204   
025205   
025206   
025207   
025208   
025209   
025210   
025211   
025212   
025213   
025214   
025215   
025216   
025217   
025218   
025219   
025220   
025221   
025222   
025223   
025224   
025225   
025226   
025227   
025228   
025229   
025230   
025231   
025232   
025233   
025234   
025235   
025236   
025237   
025238   
025239   
025240   
025241   
025242   
025243   
025244   
025245   
025246   
025247   
025248   
025249   
025250   
025251   
025252   
025253   
025254   
025255   
025256   
025257   
025258   
025259   
025300   
025301   
025302   
025303   
025304   
025305   
025306   
025307   
025308   
025309   
025310   
025311   
025312   
025313   
025314   
025315   
025316   
025317   
025318   
025319   
025320   
025321   
025322   
025323   
025324   
025325   
025326   
025327   
025328   
025329   
025330   
025331   
025332   
025333   
025334   
025335   
025336   
025337   
025338   
025339   
025340   
025341   
025342   
025343   
025344   
025345   
025346   
025347   
025348   
025349   
025350   
025351   
025352   
025353   
025354   
025355   
025356   
025357   
025358   
025359   
025400   
025401   
025402   
025403   
025404   
025405   
025406   
025407   
025408   
025409   
025410   
025411   
025412   
025413   
025414   
025415   
025416   
025417   
025418   
025419   
025420   
025421   
025422   
025423   
025424   
025425   
025426   
025427   
025428   
025429   
025430   
025431   
025432   
025433   
025434   
025435   
025436   
025437   
025438   
025439   
025440   
025441   
025442   
025443   
025444   
025445   
025446   
025447   
025448   
025449   
025450   
025451   
025452   
025453   
025454   
025455   
025456   
025457   
025458   
025459   
025500   
025501   
025502   
025503   
025504   
025505   
025506   
025507   
025508   
025509   
025510   
025511   
025512   
025513   
025514   
025515   
025516   
025517   
025518   
025519   
025520   
025521   
025522   
025523   
025524   
025525   
025526   
025527   
025528   
025529   
025530   
025531   
025532   
025533   
025534   
025535   
025536   
025537   
025538   
025539   
025540   
025541   
025542   
025543   
025544   
025545   
025546   
025547   
025548   
025549   
025550   
025551   
025552   
025553   
025554   
025555   
025556   
025557   
025558   
025559   
025600   
025601   
025602   
025603   
025604   
025605   
025606   
025607   
025608   
025609   
025610   
025611   
025612   
025613   
025614   
025615   
025616   
025617   
025618   
025619   
025620   
025621   
025622   
025623   
025624   
025625   
025626   
025627   
025628   
025629   
025630   
025631   
025632   
025633   
025634   
025635   
025636   
025637   
025638   
025639   
025640   
025641   
025642   
025643   
025644   
025645   
025646   
025647   
025648   
025649   
025650   
025651   
025652   
025653   
025654   
025655   
025656   
025657   
025658   
025659   
025700   
025701   
025702   
025703   
025704   
025705   
025706   
025707   
025708   
025709   
025710   
025711   
025712   
025713   
025714   
025715   
025716   
025717   
025718   
025719   
025720   
025721   
025722   
025723   
025724   
025725   
025726   
025727   
025728   
025729   
025730   
025731   
025732   
025733   
025734   
025735   
025736   
025737   
025738   
025739   
025740   
025741   
025742   
025743   
025744   
025745   
025746   
025747   
025748   
025749   
025750   
025751   
025752   
025753   
025754   
025755   
025756   
025757   
025758   
025759   
025800   
025801   
025802   
025803   
025804   
025805   
025806   
025807   
025808   
025809   
025810   
025811   
025812   
025813   
025814   
025815   
025816   
025817   
025818   
025819   
025820   
025821   
025822   
025823   
025824   
025825   
025826   
025827   
025828   
025829   
025830   
025831   
025832   
025833   
025834   
025835   
025836   
025837   
025838   
025839   
025840   
025841   
025842   
025843   
025844   
025845   
025846   
025847   
025848   
025849   
025850   
025851   
025852   
025853   
025854   
025855   
025856   
025857   
025858   
025859   
025900   
025901   
025902   
025903   
025904   
025905   
025906   
025907   
025908   
025909   
025910   
025911   
025912   
025913   
025914   
025915   
025916   
025917   
025918   
025919   
025920   
025921   
025922   
025923   
025924   
025925   
025926   
025927   
025928   
025929   
025930   
025931   
025932   
025933   
025934   
025935   
025936   
025937   
025938   
025939   
025940   
025941   
025942   
025943   
025944   
025945   
025946   
025947   
025948   
025949   
025950   
025951   
025952   
025953   
025954   
025955   
025956   
025957   
025958   
025959   
