030000   
030001   
030002   
030003   
030004   
030005   
030006   
030007   
030008   
030009   
030010   
030011   
030012   
030013   
030014   
030015   
030016   
030017   
030018   
030019   
030020   
030021   
030022   
030023   
030024   
030025   
030026   
030027   
030028   
030029   
030030   
030031   
030032   
030033   
030034   
030035   
030036   
030037   
030038   
030039   
030040   
030041   
030042   
030043   
030044   
030045   
030046   
030047   
030048   
030049   
030050   
030051   
030052   
030053   
030054   
030055   
030056   
030057   
030058   
030059   
030100   
030101   
030102   
030103   
030104   
030105   
030106   
030107   
030108   
030109   
030110   
030111   
030112   
030113   
030114   
030115   
030116   
030117   
030118   
030119   
030120   
030121   
030122   
030123   
030124   
030125   
030126   
030127   
030128   
030129   
030130   
030131   
030132   
030133   
030134   
030135   
030136   
030137   
030138   
030139   
030140   
030141   
030142   
030143   
030144   
030145   
030146   
030147   
030148   
030149   
030150   
030151   
030152   
030153   
030154   
030155   
030156   
030157   
030158   
030159   
030200   
030201   
030202   
030203   
030204   
030205   
030206   
030207   
030208   
030209   
030210   
030211   
030212   
030213   
030214   
030215   
030216   
030217   
030218   
030219   
030220   
030221   
030222   
030223   
030224   
030225   
030226   
030227   
030228   
030229   
030230   
030231   
030232   
030233   
030234   
030235   
030236   
030237   
030238   
030239   
030240   
030241   
030242   
030243   
030244   
030245   
030246   
030247   
030248   
030249   
030250   
030251   
030252   
030253   
030254   
030255   
030256   
030257   
030258   
030259   
030300   
030301   
030302   
030303   
030304   
030305   
030306   
030307   
030308   
030309   
030310   
030311   
030312   
030313   
030314   
030315   
030316   
030317   
030318   
030319   
030320   
030321   
030322   
030323   
030324   
030325   
030326   
030327   
030328   
030329   
030330   
030331   
030332   
030333   
030334   
030335   
030336   
030337   
030338   
030339   
030340   
030341   
030342   
030343   
030344   
030345   
030346   
030347   
030348   
030349   
030350   
030351   
030352   
030353   
030354   
030355   
030356   
030357   
030358   
030359   
030400   
030401   
030402   
030403   
030404   
030405   
030406   
030407   
030408   
030409   
030410   
030411   
030412   
030413   
030414   
030415   
030416   
030417   
030418   
030419   
030420   
030421   
030422   
030423   
030424   
030425   
030426   
030427   
030428   
030429   
030430   
030431   
030432   
030433   
030434   
030435   
030436   
030437   
030438   
030439   
030440   
030441   
030442   
030443   
030444   
030445   
030446   
030447   
030448   
030449   
030450   
030451   
030452   
030453   
030454   
030455   
030456   
030457   
030458   
030459   
030500   
030501   
030502   
030503   
030504   
030505   
030506   
030507   
030508   
030509   
030510   
030511   
030512   
030513   
030514   
030515   
030516   
030517   
030518   
030519   
030520   
030521   
030522   
030523   
030524   
030525   
030526   
030527   
030528   
030529   
030530   
030531   
030532   
030533   
030534   
030535   
030536   
030537   
030538   
030539   
030540   
030541   
030542   
030543   
030544   
030545   
030546   
030547   
030548   
030549   
030550   
030551   
030552   
030553   
030554   
030555   
030556   
030557   
030558   
030559   
030600   
030601   
030602   
030603   
030604   
030605   
030606   
030607   
030608   
030609   
030610   
030611   
030612   
030613   
030614   
030615   
030616   
030617   
030618   
030619   
030620   
030621   
030622   
030623   
030624   
030625   
030626   
030627   
030628   
030629   
030630   
030631   
030632   
030633   
030634   
030635   
030636   
030637   
030638   
030639   
030640   
030641   
030642   
030643   
030644   
030645   
030646   
030647   
030648   
030649   
030650   
030651   
030652   
030653   
030654   
030655   
030656   
030657   
030658   
030659   
030700   
030701   
030702   
030703   
030704   
030705   
030706   
030707   
030708   
030709   
030710   
030711   
030712   
030713   
030714   
030715   
030716   
030717   
030718   
030719   
030720   
030721   
030722   
030723   
030724   
030725   
030726   
030727   
030728   
030729   
030730   
030731   
030732   
030733   
030734   
030735   
030736   
030737   
030738   
030739   
030740   
030741   
030742   
030743   
030744   
030745   
030746   
030747   
030748   
030749   
030750   
030751   
030752   
030753   
030754   
030755   
030756   
030757   
030758   
030759   
030800   
030801   
030802   
030803   
030804   
030805   
030806   
030807   
030808   
030809   
030810   
030811   
030812   
030813   
030814   
030815   
030816   
030817   
030818   
030819   
030820   
030821   
030822   
030823   
030824   
030825   
030826   
030827   
030828   
030829   
030830   
030831   
030832   
030833   
030834   
030835   
030836   
030837   
030838   
030839   
030840   
030841   
030842   
030843   
030844   
030845   
030846   
030847   
030848   
030849   
030850   
030851   
030852   
030853   
030854   
030855   
030856   
030857   
030858   
030859   
030900   
030901   
030902   
030903   
030904   
030905   
030906   
030907   
030908   
030909   
030910   
030911   
030912   
030913   
030914   
030915   
030916   
030917   
030918   
030919   
030920   
030921   
030922   
030923   
030924   
030925   
030926   
030927   
030928   
030929   
030930   
030931   
030932   
030933   
030934   
030935   
030936   
030937   
030938   
030939   
030940   
030941   
030942   
030943   
030944   
030945   
030946   
030947   
030948   
030949   
030950   
030951   
030952   
030953   
030954   
030955   
030956   
030957   
030958   
030959   
031000   
031001   
031002   
031003   
031004   
031005   
031006   
031007   
031008   
031009   
031010   
031011   
031012   
031013   
031014   
031015   
031016   
031017   
031018   
031019   
031020   
031021   
031022   
031023   
031024   
031025   
031026   
031027   
031028   
031029   
031030   
031031   
031032   
031033   
031034   
031035   
031036   
031037   
031038   
031039   
031040   
031041   
031042   
031043   
031044   
031045   
031046   
031047   
031048   
031049   
031050   
031051   
031052   
031053   
031054   
031055   
031056   
031057   
031058   
031059   
031100   
031101   
031102   
031103   
031104   
031105   
031106   
031107   
031108   
031109   
031110   
031111   
031112   
031113   
031114   
031115   
031116   
031117   
031118   
031119   
031120   
031121   
031122   
031123   
031124   
031125   
031126   
031127   
031128   
031129   
031130   
031131   
031132   
031133   
031134   
031135   
031136   
031137   
031138   
031139   
031140   
031141   
031142   
031143   
031144   
031145   
031146   
031147   
031148   
031149   
031150   
031151   
031152   
031153   
031154   
031155   
031156   
031157   
031158   
031159   
031200   
031201   
031202   
031203   
031204   
031205   
031206   
031207   
031208   
031209   
031210   
031211   
031212   
031213   
031214   
031215   
031216   
031217   
031218   
031219   
031220   
031221   
031222   
031223   
031224   
031225   
031226   
031227   
031228   
031229   
031230   
031231   
031232   
031233   
031234   
031235   
031236   
031237   
031238   
031239   
031240   
031241   
031242   
031243   
031244   
031245   
031246   
031247   
031248   
031249   
031250   
031251   
031252   
031253   
031254   
031255   
031256   
031257   
031258   
031259   
031300   
031301   
031302   
031303   
031304   
031305   
031306   
031307   
031308   
031309   
031310   
031311   
031312   
031313   
031314   
031315   
031316   
031317   
031318   
031319   
031320   
031321   
031322   
031323   
031324   
031325   
031326   
031327   
031328   
031329   
031330   
031331   
031332   
031333   
031334   
031335   
031336   
031337   
031338   
031339   
031340   
031341   
031342   
031343   
031344   
031345   
031346   
031347   
031348   
031349   
031350   
031351   
031352   
031353   
031354   
031355   
031356   
031357   
031358   
031359   
031400   
031401   
031402   
031403   
031404   
031405   
031406   
031407   
031408   
031409   
031410   
031411   
031412   
031413   
031414   
031415   
031416   
031417   
031418   
031419   
031420   
031421   
031422   
031423   
031424   
031425   
031426   
031427   
031428   
031429   
031430   
031431   
031432   
031433   
031434   
031435   
031436   
031437   
031438   
031439   
031440   
031441   
031442   
031443   
031444   
031445   
031446   
031447   
031448   
031449   
031450   
031451   
031452   
031453   
031454   
031455   
031456   
031457   
031458   
031459   
031500   
031501   
031502   
031503   
031504   
031505   
031506   
031507   
031508   
031509   
031510   
031511   
031512   
031513   
031514   
031515   
031516   
031517   
031518   
031519   
031520   
031521   
031522   
031523   
031524   
031525   
031526   
031527   
031528   
031529   
031530   
031531   
031532   
031533   
031534   
031535   
031536   
031537   
031538   
031539   
031540   
031541   
031542   
031543   
031544   
031545   
031546   
031547   
031548   
031549   
031550   
031551   
031552   
031553   
031554   
031555   
031556   
031557   
031558   
031559   
031600   
031601   
031602   
031603   
031604   
031605   
031606   
031607   
031608   
031609   
031610   
031611   
031612   
031613   
031614   
031615   
031616   
031617   
031618   
031619   
031620   
031621   
031622   
031623   
031624   
031625   
031626   
031627   
031628   
031629   
031630   
031631   
031632   
031633   
031634   
031635   
031636   
031637   
031638   
031639   
031640   
031641   
031642   
031643   
031644   
031645   
031646   
031647   
031648   
031649   
031650   
031651   
031652   
031653   
031654   
031655   
031656   
031657   
031658   
031659   
031700   
031701   
031702   
031703   
031704   
031705   
031706   
031707   
031708   
031709   
031710   
031711   
031712   
031713   
031714   
031715   
031716   
031717   
031718   
031719   
031720   
031721   
031722   
031723   
031724   
031725   
031726   
031727   
031728   
031729   
031730   
031731   
031732   
031733   
031734   
031735   
031736   
031737   
031738   
031739   
031740   
031741   
031742   
031743   
031744   
031745   
031746   
031747   
031748   
031749   
031750   
031751   
031752   
031753   
031754   
031755   
031756   
031757   
031758   
031759   
031800   
031801   
031802   
031803   
031804   
031805   
031806   
031807   
031808   
031809   
031810   
031811   
031812   
031813   
031814   
031815   
031816   
031817   
031818   
031819   
031820   
031821   
031822   
031823   
031824   
031825   
031826   
031827   
031828   
031829   
031830   
031831   
031832   
031833   
031834   
031835   
031836   
031837   
031838   
031839   
031840   
031841   
031842   
031843   
031844   
031845   
031846   
031847   
031848   
031849   
031850   
031851   
031852   
031853   
031854   
031855   
031856   
031857   
031858   
031859   
031900   
031901   
031902   
031903   
031904   
031905   
031906   
031907   
031908   
031909   
031910   
031911   
031912   
031913   
031914   
031915   
031916   
031917   
031918   
031919   
031920   
031921   
031922   
031923   
031924   
031925   
031926   
031927   
031928   
031929   
031930   
031931   
031932   
031933   
031934   
031935   
031936   
031937   
031938   
031939   
031940   
031941   
031942   
031943   
031944   
031945   
031946   
031947   
031948   
031949   
031950   
031951   
031952   
031953   
031954   
031955   
031956   
031957   
031958   
031959   
032000   
032001   
032002   
032003   
032004   
032005   
032006   
032007   
032008   
032009   
032010   
032011   
032012   
032013   
032014   
032015   
032016   
032017   
032018   
032019   
032020   
032021   
032022   
032023   
032024   
032025   
032026   
032027   
032028   
032029   
032030   
032031   
032032   
032033   
032034   
032035   
032036   
032037   
032038   
032039   
032040   
032041   
032042   
032043   
032044   
032045   
032046   
032047   
032048   
032049   
032050   
032051   
032052   
032053   
032054   
032055   
032056   
032057   
032058   
032059   
032100   
032101   
032102   
032103   
032104   
032105   
032106   
032107   
032108   
032109   
032110   
032111   
032112   
032113   
032114   
032115   
032116   
032117   
032118   
032119   
032120   
032121   
032122   
032123   
032124   
032125   
032126   
032127   
032128   
032129   
032130   
032131   
032132   
032133   
032134   
032135   
032136   
032137   
032138   
032139   
032140   
032141   
032142   
032143   
032144   
032145   
032146   
032147   
032148   
032149   
032150   
032151   
032152   
032153   
032154   
032155   
032156   
032157   
032158   
032159   
032200   
032201   
032202   
032203   
032204   
032205   
032206   
032207   
032208   
032209   
032210   
032211   
032212   
032213   
032214   
032215   
032216   
032217   
032218   
032219   
032220   
032221   
032222   
032223   
032224   
032225   
032226   
032227   
032228   
032229   
032230   
032231   
032232   
032233   
032234   
032235   
032236   
032237   
032238   
032239   
032240   
032241   
032242   
032243   
032244   
032245   
032246   
032247   
032248   
032249   
032250   
032251   
032252   
032253   
032254   
032255   
032256   
032257   
032258   
032259   
032300   
032301   
032302   
032303   
032304   
032305   
032306   
032307   
032308   
032309   
032310   
032311   
032312   
032313   
032314   
032315   
032316   
032317   
032318   
032319   
032320   
032321   
032322   
032323   
032324   
032325   
032326   
032327   
032328   
032329   
032330   
032331   
032332   
032333   
032334   
032335   
032336   
032337   
032338   
032339   
032340   
032341   
032342   
032343   
032344   
032345   
032346   
032347   
032348   
032349   
032350   
032351   
032352   
032353   
032354   
032355   
032356   
032357   
032358   
032359   
032400   
032401   
032402   
032403   
032404   
032405   
032406   
032407   
032408   
032409   
032410   
032411   
032412   
032413   
032414   
032415   
032416   
032417   
032418   
032419   
032420   
032421   
032422   
032423   
032424   
032425   
032426   
032427   
032428   
032429   
032430   
032431   
032432   
032433   
032434   
032435   
032436   
032437   
032438   
032439   
032440   
032441   
032442   
032443   
032444   
032445   
032446   
032447   
032448   
032449   
032450   
032451   
032452   
032453   
032454   
032455   
032456   
032457   
032458   
032459   
032500   
032501   
032502   
032503   
032504   
032505   
032506   
032507   
032508   
032509   
032510   
032511   
032512   
032513   
032514   
032515   
032516   
032517   
032518   
032519   
032520   
032521   
032522   
032523   
032524   
032525   
032526   
032527   
032528   
032529   
032530   
032531   
032532   
032533   
032534   
032535   
032536   
032537   
032538   
032539   
032540   
032541   
032542   
032543   
032544   
032545   
032546   
032547   
032548   
032549   
032550   
032551   
032552   
032553   
032554   
032555   
032556   
032557   
032558   
032559   
032600   
032601   
032602   
032603   
032604   
032605   
032606   
032607   
032608   
032609   
032610   
032611   
032612   
032613   
032614   
032615   
032616   
032617   
032618   
032619   
032620   
032621   
032622   
032623   
032624   
032625   
032626   
032627   
032628   
032629   
032630   
032631   
032632   
032633   
032634   
032635   
032636   
032637   
032638   
032639   
032640   
032641   
032642   
032643   
032644   
032645   
032646   
032647   
032648   
032649   
032650   
032651   
032652   
032653   
032654   
032655   
032656   
032657   
032658   
032659   
032700   
032701   
032702   
032703   
032704   
032705   
032706   
032707   
032708   
032709   
032710   
032711   
032712   
032713   
032714   
032715   
032716   
032717   
032718   
032719   
032720   
032721   
032722   
032723   
032724   
032725   
032726   
032727   
032728   
032729   
032730   
032731   
032732   
032733   
032734   
032735   
032736   
032737   
032738   
032739   
032740   
032741   
032742   
032743   
032744   
032745   
032746   
032747   
032748   
032749   
032750   
032751   
032752   
032753   
032754   
032755   
032756   
032757   
032758   
032759   
032800   
032801   
032802   
032803   
032804   
032805   
032806   
032807   
032808   
032809   
032810   
032811   
032812   
032813   
032814   
032815   
032816   
032817   
032818   
032819   
032820   
032821   
032822   
032823   
032824   
032825   
032826   
032827   
032828   
032829   
032830   
032831   
032832   
032833   
032834   
032835   
032836   
032837   
032838   
032839   
032840   
032841   
032842   
032843   
032844   
032845   
032846   
032847   
032848   
032849   
032850   
032851   
032852   
032853   
032854   
032855   
032856   
032857   
032858   
032859   
032900   
032901   
032902   
032903   
032904   
032905   
032906   
032907   
032908   
032909   
032910   
032911   
032912   
032913   
032914   
032915   
032916   
032917   
032918   
032919   
032920   
032921   
032922   
032923   
032924   
032925   
032926   
032927   
032928   
032929   
032930   
032931   
032932   
032933   
032934   
032935   
032936   
032937   
032938   
032939   
032940   
032941   
032942   
032943   
032944   
032945   
032946   
032947   
032948   
032949   
032950   
032951   
032952   
032953   
032954   
032955   
032956   
032957   
032958   
032959   
033000   
033001   
033002   
033003   
033004   
033005   
033006   
033007   
033008   
033009   
033010   
033011   
033012   
033013   
033014   
033015   
033016   
033017   
033018   
033019   
033020   
033021   
033022   
033023   
033024   
033025   
033026   
033027   
033028   
033029   
033030   
033031   
033032   
033033   
033034   
033035   
033036   
033037   
033038   
033039   
033040   
033041   
033042   
033043   
033044   
033045   
033046   
033047   
033048   
033049   
033050   
033051   
033052   
033053   
033054   
033055   
033056   
033057   
033058   
033059   
033100   
033101   
033102   
033103   
033104   
033105   
033106   
033107   
033108   
033109   
033110   
033111   
033112   
033113   
033114   
033115   
033116   
033117   
033118   
033119   
033120   
033121   
033122   
033123   
033124   
033125   
033126   
033127   
033128   
033129   
033130   
033131   
033132   
033133   
033134   
033135   
033136   
033137   
033138   
033139   
033140   
033141   
033142   
033143   
033144   
033145   
033146   
033147   
033148   
033149   
033150   
033151   
033152   
033153   
033154   
033155   
033156   
033157   
033158   
033159   
033200   
033201   
033202   
033203   
033204   
033205   
033206   
033207   
033208   
033209   
033210   
033211   
033212   
033213   
033214   
033215   
033216   
033217   
033218   
033219   
033220   
033221   
033222   
033223   
033224   
033225   
033226   
033227   
033228   
033229   
033230   
033231   
033232   
033233   
033234   
033235   
033236   
033237   
033238   
033239   
033240   
033241   
033242   
033243   
033244   
033245   
033246   
033247   
033248   
033249   
033250   
033251   
033252   
033253   
033254   
033255   
033256   
033257   
033258   
033259   
033300   
033301   
033302   
033303   
033304   
033305   
033306   
033307   
033308   
033309   
033310   
033311   
033312   
033313   
033314   
033315   
033316   
033317   
033318   
033319   
033320   
033321   
033322   
033323   
033324   
033325   
033326   
033327   
033328   
033329   
033330   
033331   
033332   
033333   
033334   
033335   
033336   
033337   
033338   
033339   
033340   
033341   
033342   
033343   
033344   
033345   
033346   
033347   
033348   
033349   
033350   
033351   
033352   
033353   
033354   
033355   
033356   
033357   
033358   
033359   
033400   
033401   
033402   
033403   
033404   
033405   
033406   
033407   
033408   
033409   
033410   
033411   
033412   
033413   
033414   
033415   
033416   
033417   
033418   
033419   
033420   
033421   
033422   
033423   
033424   
033425   
033426   
033427   
033428   
033429   
033430   
033431   
033432   
033433   
033434   
033435   
033436   
033437   
033438   
033439   
033440   
033441   
033442   
033443   
033444   
033445   
033446   
033447   
033448   
033449   
033450   
033451   
033452   
033453   
033454   
033455   
033456   
033457   
033458   
033459   
033500   
033501   
033502   
033503   
033504   
033505   
033506   
033507   
033508   
033509   
033510   
033511   
033512   
033513   
033514   
033515   
033516   
033517   
033518   
033519   
033520   
033521   
033522   
033523   
033524   
033525   
033526   
033527   
033528   
033529   
033530   
033531   
033532   
033533   
033534   
033535   
033536   
033537   
033538   
033539   
033540   
033541   
033542   
033543   
033544   
033545   
033546   
033547   
033548   
033549   
033550   
033551   
033552   
033553   
033554   
033555   
033556   
033557   
033558   
033559   
033600   
033601   
033602   
033603   
033604   
033605   
033606   
033607   
033608   
033609   
033610   
033611   
033612   
033613   
033614   
033615   
033616   
033617   
033618   
033619   
033620   
033621   
033622   
033623   
033624   
033625   
033626   
033627   
033628   
033629   
033630   
033631   
033632   
033633   
033634   
033635   
033636   
033637   
033638   
033639   
033640   
033641   
033642   
033643   
033644   
033645   
033646   
033647   
033648   
033649   
033650   
033651   
033652   
033653   
033654   
033655   
033656   
033657   
033658   
033659   
033700   
033701   
033702   
033703   
033704   
033705   
033706   
033707   
033708   
033709   
033710   
033711   
033712   
033713   
033714   
033715   
033716   
033717   
033718   
033719   
033720   
033721   
033722   
033723   
033724   
033725   
033726   
033727   
033728   
033729   
033730   
033731   
033732   
033733   
033734   
033735   
033736   
033737   
033738   
033739   
033740   
033741   
033742   
033743   
033744   
033745   
033746   
033747   
033748   
033749   
033750   
033751   
033752   
033753   
033754   
033755   
033756   
033757   
033758   
033759   
033800   
033801   
033802   
033803   
033804   
033805   
033806   
033807   
033808   
033809   
033810   
033811   
033812   
033813   
033814   
033815   
033816   
033817   
033818   
033819   
033820   
033821   
033822   
033823   
033824   
033825   
033826   
033827   
033828   
033829   
033830   
033831   
033832   
033833   
033834   
033835   
033836   
033837   
033838   
033839   
033840   
033841   
033842   
033843   
033844   
033845   
033846   
033847   
033848   
033849   
033850   
033851   
033852   
033853   
033854   
033855   
033856   
033857   
033858   
033859   
033900   
033901   
033902   
033903   
033904   
033905   
033906   
033907   
033908   
033909   
033910   
033911   
033912   
033913   
033914   
033915   
033916   
033917   
033918   
033919   
033920   
033921   
033922   
033923   
033924   
033925   
033926   
033927   
033928   
033929   
033930   
033931   
033932   
033933   
033934   
033935   
033936   
033937   
033938   
033939   
033940   
033941   
033942   
033943   
033944   
033945   
033946   
033947   
033948   
033949   
033950   
033951   
033952   
033953   
033954   
033955   
033956   
033957   
033958   
033959   
034000   
034001   
034002   
034003   
034004   
034005   
034006   
034007   
034008   
034009   
034010   
034011   
034012   
034013   
034014   
034015   
034016   
034017   
034018   
034019   
034020   
034021   
034022   
034023   
034024   
034025   
034026   
034027   
034028   
034029   
034030   
034031   
034032   
034033   
034034   
034035   
034036   
034037   
034038   
034039   
034040   
034041   
034042   
034043   
034044   
034045   
034046   
034047   
034048   
034049   
034050   
034051   
034052   
034053   
034054   
034055   
034056   
034057   
034058   
034059   
034100   
034101   
034102   
034103   
034104   
034105   
034106   
034107   
034108   
034109   
034110   
034111   
034112   
034113   
034114   
034115   
034116   
034117   
034118   
034119   
034120   
034121   
034122   
034123   
034124   
034125   
034126   
034127   
034128   
034129   
034130   
034131   
034132   
034133   
034134   
034135   
034136   
034137   
034138   
034139   
034140   
034141   
034142   
034143   
034144   
034145   
034146   
034147   
034148   
034149   
034150   
034151   
034152   
034153   
034154   
034155   
034156   
034157   
034158   
034159   
034200   
034201   
034202   
034203   
034204   
034205   
034206   
034207   
034208   
034209   
034210   
034211   
034212   
034213   
034214   
034215   
034216   
034217   
034218   
034219   
034220   
034221   
034222   
034223   
034224   
034225   
034226   
034227   
034228   
034229   
034230   
034231   
034232   
034233   
034234   
034235   
034236   
034237   
034238   
034239   
034240   
034241   
034242   
034243   
034244   
034245   
034246   
034247   
034248   
034249   
034250   
034251   
034252   
034253   
034254   
034255   
034256   
034257   
034258   
034259   
034300   
034301   
034302   
034303   
034304   
034305   
034306   
034307   
034308   
034309   
034310   
034311   
034312   
034313   
034314   
034315   
034316   
034317   
034318   
034319   
034320   
034321   
034322   
034323   
034324   
034325   
034326   
034327   
034328   
034329   
034330   
034331   
034332   
034333   
034334   
034335   
034336   
034337   
034338   
034339   
034340   
034341   
034342   
034343   
034344   
034345   
034346   
034347   
034348   
034349   
034350   
034351   
034352   
034353   
034354   
034355   
034356   
034357   
034358   
034359   
034400   
034401   
034402   
034403   
034404   
034405   
034406   
034407   
034408   
034409   
034410   
034411   
034412   
034413   
034414   
034415   
034416   
034417   
034418   
034419   
034420   
034421   
034422   
034423   
034424   
034425   
034426   
034427   
034428   
034429   
034430   
034431   
034432   
034433   
034434   
034435   
034436   
034437   
034438   
034439   
034440   
034441   
034442   
034443   
034444   
034445   
034446   
034447   
034448   
034449   
034450   
034451   
034452   
034453   
034454   
034455   
034456   
034457   
034458   
034459   
034500   
034501   
034502   
034503   
034504   
034505   
034506   
034507   
034508   
034509   
034510   
034511   
034512   
034513   
034514   
034515   
034516   
034517   
034518   
034519   
034520   
034521   
034522   
034523   
034524   
034525   
034526   
034527   
034528   
034529   
034530   
034531   
034532   
034533   
034534   
034535   
034536   
034537   
034538   
034539   
034540   
034541   
034542   
034543   
034544   
034545   
034546   
034547   
034548   
034549   
034550   
034551   
034552   
034553   
034554   
034555   
034556   
034557   
034558   
034559   
034600   
034601   
034602   
034603   
034604   
034605   
034606   
034607   
034608   
034609   
034610   
034611   
034612   
034613   
034614   
034615   
034616   
034617   
034618   
034619   
034620   
034621   
034622   
034623   
034624   
034625   
034626   
034627   
034628   
034629   
034630   
034631   
034632   
034633   
034634   
034635   
034636   
034637   
034638   
034639   
034640   
034641   
034642   
034643   
034644   
034645   
034646   
034647   
034648   
034649   
034650   
034651   
034652   
034653   
034654   
034655   
034656   
034657   
034658   
034659   
034700   
034701   
034702   
034703   
034704   
034705   
034706   
034707   
034708   
034709   
034710   
034711   
034712   
034713   
034714   
034715   
034716   
034717   
034718   
034719   
034720   
034721   
034722   
034723   
034724   
034725   
034726   
034727   
034728   
034729   
034730   
034731   
034732   
034733   
034734   
034735   
034736   
034737   
034738   
034739   
034740   
034741   
034742   
034743   
034744   
034745   
034746   
034747   
034748   
034749   
034750   
034751   
034752   
034753   
034754   
034755   
034756   
034757   
034758   
034759   
034800   
034801   
034802   
034803   
034804   
034805   
034806   
034807   
034808   
034809   
034810   
034811   
034812   
034813   
034814   
034815   
034816   
034817   
034818   
034819   
034820   
034821   
034822   
034823   
034824   
034825   
034826   
034827   
034828   
034829   
034830   
034831   
034832   
034833   
034834   
034835   
034836   
034837   
034838   
034839   
034840   
034841   
034842   
034843   
034844   
034845   
034846   
034847   
034848   
034849   
034850   
034851   
034852   
034853   
034854   
034855   
034856   
034857   
034858   
034859   
034900   
034901   
034902   
034903   
034904   
034905   
034906   
034907   
034908   
034909   
034910   
034911   
034912   
034913   
034914   
034915   
034916   
034917   
034918   
034919   
034920   
034921   
034922   
034923   
034924   
034925   
034926   
034927   
034928   
034929   
034930   
034931   
034932   
034933   
034934   
034935   
034936   
034937   
034938   
034939   
034940   
034941   
034942   
034943   
034944   
034945   
034946   
034947   
034948   
034949   
034950   
034951   
034952   
034953   
034954   
034955   
034956   
034957   
034958   
034959   
035000   
035001   
035002   
035003   
035004   
035005   
035006   
035007   
035008   
035009   
035010   
035011   
035012   
035013   
035014   
035015   
035016   
035017   
035018   
035019   
035020   
035021   
035022   
035023   
035024   
035025   
035026   
035027   
035028   
035029   
035030   
035031   
035032   
035033   
035034   
035035   
035036   
035037   
035038   
035039   
035040   
035041   
035042   
035043   
035044   
035045   
035046   
035047   
035048   
035049   
035050   
035051   
035052   
035053   
035054   
035055   
035056   
035057   
035058   
035059   
035100   
035101   
035102   
035103   
035104   
035105   
035106   
035107   
035108   
035109   
035110   
035111   
035112   
035113   
035114   
035115   
035116   
035117   
035118   
035119   
035120   
035121   
035122   
035123   
035124   
035125   
035126   
035127   
035128   
035129   
035130   
035131   
035132   
035133   
035134   
035135   
035136   
035137   
035138   
035139   
035140   
035141   
035142   
035143   
035144   
035145   
035146   
035147   
035148   
035149   
035150   
035151   
035152   
035153   
035154   
035155   
035156   
035157   
035158   
035159   
035200   
035201   
035202   
035203   
035204   
035205   
035206   
035207   
035208   
035209   
035210   
035211   
035212   
035213   
035214   
035215   
035216   
035217   
035218   
035219   
035220   
035221   
035222   
035223   
035224   
035225   
035226   
035227   
035228   
035229   
035230   
035231   
035232   
035233   
035234   
035235   
035236   
035237   
035238   
035239   
035240   
035241   
035242   
035243   
035244   
035245   
035246   
035247   
035248   
035249   
035250   
035251   
035252   
035253   
035254   
035255   
035256   
035257   
035258   
035259   
035300   
035301   
035302   
035303   
035304   
035305   
035306   
035307   
035308   
035309   
035310   
035311   
035312   
035313   
035314   
035315   
035316   
035317   
035318   
035319   
035320   
035321   
035322   
035323   
035324   
035325   
035326   
035327   
035328   
035329   
035330   
035331   
035332   
035333   
035334   
035335   
035336   
035337   
035338   
035339   
035340   
035341   
035342   
035343   
035344   
035345   
035346   
035347   
035348   
035349   
035350   
035351   
035352   
035353   
035354   
035355   
035356   
035357   
035358   
035359   
035400   
035401   
035402   
035403   
035404   
035405   
035406   
035407   
035408   
035409   
035410   
035411   
035412   
035413   
035414   
035415   
035416   
035417   
035418   
035419   
035420   
035421   
035422   
035423   
035424   
035425   
035426   
035427   
035428   
035429   
035430   
035431   
035432   
035433   
035434   
035435   
035436   
035437   
035438   
035439   
035440   
035441   
035442   
035443   
035444   
035445   
035446   
035447   
035448   
035449   
035450   
035451   
035452   
035453   
035454   
035455   
035456   
035457   
035458   
035459   
035500   
035501   
035502   
035503   
035504   
035505   
035506   
035507   
035508   
035509   
035510   
035511   
035512   
035513   
035514   
035515   
035516   
035517   
035518   
035519   
035520   
035521   
035522   
035523   
035524   
035525   
035526   
035527   
035528   
035529   
035530   
035531   
035532   
035533   
035534   
035535   
035536   
035537   
035538   
035539   
035540   
035541   
035542   
035543   
035544   
035545   
035546   
035547   
035548   
035549   
035550   
035551   
035552   
035553   
035554   
035555   
035556   
035557   
035558   
035559   
035600   
035601   
035602   
035603   
035604   
035605   
035606   
035607   
035608   
035609   
035610   
035611   
035612   
035613   
035614   
035615   
035616   
035617   
035618   
035619   
035620   
035621   
035622   
035623   
035624   
035625   
035626   
035627   
035628   
035629   
035630   
035631   
035632   
035633   
035634   
035635   
035636   
035637   
035638   
035639   
035640   
035641   
035642   
035643   
035644   
035645   
035646   
035647   
035648   
035649   
035650   
035651   
035652   
035653   
035654   
035655   
035656   
035657   
035658   
035659   
035700   
035701   
035702   
035703   
035704   
035705   
035706   
035707   
035708   
035709   
035710   
035711   
035712   
035713   
035714   
035715   
035716   
035717   
035718   
035719   
035720   
035721   
035722   
035723   
035724   
035725   
035726   
035727   
035728   
035729   
035730   
035731   
035732   
035733   
035734   
035735   
035736   
035737   
035738   
035739   
035740   
035741   
035742   
035743   
035744   
035745   
035746   
035747   
035748   
035749   
035750   
035751   
035752   
035753   
035754   
035755   
035756   
035757   
035758   
035759   
035800   
035801   
035802   
035803   
035804   
035805   
035806   
035807   
035808   
035809   
035810   
035811   
035812   
035813   
035814   
035815   
035816   
035817   
035818   
035819   
035820   
035821   
035822   
035823   
035824   
035825   
035826   
035827   
035828   
035829   
035830   
035831   
035832   
035833   
035834   
035835   
035836   
035837   
035838   
035839   
035840   
035841   
035842   
035843   
035844   
035845   
035846   
035847   
035848   
035849   
035850   
035851   
035852   
035853   
035854   
035855   
035856   
035857   
035858   
035859   
035900   
035901   
035902   
035903   
035904   
035905   
035906   
035907   
035908   
035909   
035910   
035911   
035912   
035913   
035914   
035915   
035916   
035917   
035918   
035919   
035920   
035921   
035922   
035923   
035924   
035925   
035926   
035927   
035928   
035929   
035930   
035931   
035932   
035933   
035934   
035935   
035936   
035937   
035938   
035939   
035940   
035941   
035942   
035943   
035944   
035945   
035946   
035947   
035948   
035949   
035950   
035951   
035952   
035953   
035954   
035955   
035956   
035957   
035958   
035959   
