040000   
040001   
040002   
040003   
040004   
040005   
040006   
040007   
040008   
040009   
040010   
040011   
040012   
040013   
040014   
040015   
040016   
040017   
040018   
040019   
040020   
040021   
040022   
040023   
040024   
040025   
040026   
040027   
040028   
040029   
040030   
040031   
040032   
040033   
040034   
040035   
040036   
040037   
040038   
040039   
040040   
040041   
040042   
040043   
040044   
040045   
040046   
040047   
040048   
040049   
040050   
040051   
040052   
040053   
040054   
040055   
040056   
040057   
040058   
040059   
040100   
040101   
040102   
040103   
040104   
040105   
040106   
040107   
040108   
040109   
040110   
040111   
040112   
040113   
040114   
040115   
040116   
040117   
040118   
040119   
040120   
040121   
040122   
040123   
040124   
040125   
040126   
040127   
040128   
040129   
040130   
040131   
040132   
040133   
040134   
040135   
040136   
040137   
040138   
040139   
040140   
040141   
040142   
040143   
040144   
040145   
040146   
040147   
040148   
040149   
040150   
040151   
040152   
040153   
040154   
040155   
040156   
040157   
040158   
040159   
040200   
040201   
040202   
040203   
040204   
040205   
040206   
040207   
040208   
040209   
040210   
040211   
040212   
040213   
040214   
040215   
040216   
040217   
040218   
040219   
040220   
040221   
040222   
040223   
040224   
040225   
040226   
040227   
040228   
040229   
040230   
040231   
040232   
040233   
040234   
040235   
040236   
040237   
040238   
040239   
040240   
040241   
040242   
040243   
040244   
040245   
040246   
040247   
040248   
040249   
040250   
040251   
040252   
040253   
040254   
040255   
040256   
040257   
040258   
040259   
040300   
040301   
040302   
040303   
040304   
040305   
040306   
040307   
040308   
040309   
040310   
040311   
040312   
040313   
040314   
040315   
040316   
040317   
040318   
040319   
040320   
040321   
040322   
040323   
040324   
040325   
040326   
040327   
040328   
040329   
040330   
040331   
040332   
040333   
040334   
040335   
040336   
040337   
040338   
040339   
040340   
040341   
040342   
040343   
040344   
040345   
040346   
040347   
040348   
040349   
040350   
040351   
040352   
040353   
040354   
040355   
040356   
040357   
040358   
040359   
040400   
040401   
040402   
040403   
040404   
040405   
040406   
040407   
040408   
040409   
040410   
040411   
040412   
040413   
040414   
040415   
040416   
040417   
040418   
040419   
040420   
040421   
040422   
040423   
040424   
040425   
040426   
040427   
040428   
040429   
040430   
040431   
040432   
040433   
040434   
040435   
040436   
040437   
040438   
040439   
040440   
040441   
040442   
040443   
040444   
040445   
040446   
040447   
040448   
040449   
040450   
040451   
040452   
040453   
040454   
040455   
040456   
040457   
040458   
040459   
040500   
040501   
040502   
040503   
040504   
040505   
040506   
040507   
040508   
040509   
040510   
040511   
040512   
040513   
040514   
040515   
040516   
040517   
040518   
040519   
040520   
040521   
040522   
040523   
040524   
040525   
040526   
040527   
040528   
040529   
040530   
040531   
040532   
040533   
040534   
040535   
040536   
040537   
040538   
040539   
040540   
040541   
040542   
040543   
040544   
040545   
040546   
040547   
040548   
040549   
040550   
040551   
040552   
040553   
040554   
040555   
040556   
040557   
040558   
040559   
040600   
040601   
040602   
040603   
040604   
040605   
040606   
040607   
040608   
040609   
040610   
040611   
040612   
040613   
040614   
040615   
040616   
040617   
040618   
040619   
040620   
040621   
040622   
040623   
040624   
040625   
040626   
040627   
040628   
040629   
040630   
040631   
040632   
040633   
040634   
040635   
040636   
040637   
040638   
040639   
040640   
040641   
040642   
040643   
040644   
040645   
040646   
040647   
040648   
040649   
040650   
040651   
040652   
040653   
040654   
040655   
040656   
040657   
040658   
040659   
040700   
040701   
040702   
040703   
040704   
040705   
040706   
040707   
040708   
040709   
040710   
040711   
040712   
040713   
040714   
040715   
040716   
040717   
040718   
040719   
040720   
040721   
040722   
040723   
040724   
040725   
040726   
040727   
040728   
040729   
040730   
040731   
040732   
040733   
040734   
040735   
040736   
040737   
040738   
040739   
040740   
040741   
040742   
040743   
040744   
040745   
040746   
040747   
040748   
040749   
040750   
040751   
040752   
040753   
040754   
040755   
040756   
040757   
040758   
040759   
040800   
040801   
040802   
040803   
040804   
040805   
040806   
040807   
040808   
040809   
040810   
040811   
040812   
040813   
040814   
040815   
040816   
040817   
040818   
040819   
040820   
040821   
040822   
040823   
040824   
040825   
040826   
040827   
040828   
040829   
040830   
040831   
040832   
040833   
040834   
040835   
040836   
040837   
040838   
040839   
040840   
040841   
040842   
040843   
040844   
040845   
040846   
040847   
040848   
040849   
040850   
040851   
040852   
040853   
040854   
040855   
040856   
040857   
040858   
040859   
040900   
040901   
040902   
040903   
040904   
040905   
040906   
040907   
040908   
040909   
040910   
040911   
040912   
040913   
040914   
040915   
040916   
040917   
040918   
040919   
040920   
040921   
040922   
040923   
040924   
040925   
040926   
040927   
040928   
040929   
040930   
040931   
040932   
040933   
040934   
040935   
040936   
040937   
040938   
040939   
040940   
040941   
040942   
040943   
040944   
040945   
040946   
040947   
040948   
040949   
040950   
040951   
040952   
040953   
040954   
040955   
040956   
040957   
040958   
040959   
041000   
041001   
041002   
041003   
041004   
041005   
041006   
041007   
041008   
041009   
041010   
041011   
041012   
041013   
041014   
041015   
041016   
041017   
041018   
041019   
041020   
041021   
041022   
041023   
041024   
041025   
041026   
041027   
041028   
041029   
041030   
041031   
041032   
041033   
041034   
041035   
041036   
041037   
041038   
041039   
041040   
041041   
041042   
041043   
041044   
041045   
041046   
041047   
041048   
041049   
041050   
041051   
041052   
041053   
041054   
041055   
041056   
041057   
041058   
041059   
041100   
041101   
041102   
041103   
041104   
041105   
041106   
041107   
041108   
041109   
041110   
041111   
041112   
041113   
041114   
041115   
041116   
041117   
041118   
041119   
041120   
041121   
041122   
041123   
041124   
041125   
041126   
041127   
041128   
041129   
041130   
041131   
041132   
041133   
041134   
041135   
041136   
041137   
041138   
041139   
041140   
041141   
041142   
041143   
041144   
041145   
041146   
041147   
041148   
041149   
041150   
041151   
041152   
041153   
041154   
041155   
041156   
041157   
041158   
041159   
041200   
041201   
041202   
041203   
041204   
041205   
041206   
041207   
041208   
041209   
041210   
041211   
041212   
041213   
041214   
041215   
041216   
041217   
041218   
041219   
041220   
041221   
041222   
041223   
041224   
041225   
041226   
041227   
041228   
041229   
041230   
041231   
041232   
041233   
041234   
041235   
041236   
041237   
041238   
041239   
041240   
041241   
041242   
041243   
041244   
041245   
041246   
041247   
041248   
041249   
041250   
041251   
041252   
041253   
041254   
041255   
041256   
041257   
041258   
041259   
041300   
041301   
041302   
041303   
041304   
041305   
041306   
041307   
041308   
041309   
041310   
041311   
041312   
041313   
041314   
041315   
041316   
041317   
041318   
041319   
041320   
041321   
041322   
041323   
041324   
041325   
041326   
041327   
041328   
041329   
041330   
041331   
041332   
041333   
041334   
041335   
041336   
041337   
041338   
041339   
041340   
041341   
041342   
041343   
041344   
041345   
041346   
041347   
041348   
041349   
041350   
041351   
041352   
041353   
041354   
041355   
041356   
041357   
041358   
041359   
041400   
041401   
041402   
041403   
041404   
041405   
041406   
041407   
041408   
041409   
041410   
041411   
041412   
041413   
041414   
041415   
041416   
041417   
041418   
041419   
041420   
041421   
041422   
041423   
041424   
041425   
041426   
041427   
041428   
041429   
041430   
041431   
041432   
041433   
041434   
041435   
041436   
041437   
041438   
041439   
041440   
041441   
041442   
041443   
041444   
041445   
041446   
041447   
041448   
041449   
041450   
041451   
041452   
041453   
041454   
041455   
041456   
041457   
041458   
041459   
041500   
041501   
041502   
041503   
041504   
041505   
041506   
041507   
041508   
041509   
041510   
041511   
041512   
041513   
041514   
041515   
041516   
041517   
041518   
041519   
041520   
041521   
041522   
041523   
041524   
041525   
041526   
041527   
041528   
041529   
041530   
041531   
041532   
041533   
041534   
041535   
041536   
041537   
041538   
041539   
041540   
041541   
041542   
041543   
041544   
041545   
041546   
041547   
041548   
041549   
041550   
041551   
041552   
041553   
041554   
041555   
041556   
041557   
041558   
041559   
041600   
041601   
041602   
041603   
041604   
041605   
041606   
041607   
041608   
041609   
041610   
041611   
041612   
041613   
041614   
041615   
041616   
041617   
041618   
041619   
041620   
041621   
041622   
041623   
041624   
041625   
041626   
041627   
041628   
041629   
041630   
041631   
041632   
041633   
041634   
041635   
041636   
041637   
041638   
041639   
041640   
041641   
041642   
041643   
041644   
041645   
041646   
041647   
041648   
041649   
041650   
041651   
041652   
041653   
041654   
041655   
041656   
041657   
041658   
041659   
041700   
041701   
041702   
041703   
041704   
041705   
041706   
041707   
041708   
041709   
041710   
041711   
041712   
041713   
041714   
041715   
041716   
041717   
041718   
041719   
041720   
041721   
041722   
041723   
041724   
041725   
041726   
041727   
041728   
041729   
041730   
041731   
041732   
041733   
041734   
041735   
041736   
041737   
041738   
041739   
041740   
041741   
041742   
041743   
041744   
041745   
041746   
041747   
041748   
041749   
041750   
041751   
041752   
041753   
041754   
041755   
041756   
041757   
041758   
041759   
041800   
041801   
041802   
041803   
041804   
041805   
041806   
041807   
041808   
041809   
041810   
041811   
041812   
041813   
041814   
041815   
041816   
041817   
041818   
041819   
041820   
041821   
041822   
041823   
041824   
041825   
041826   
041827   
041828   
041829   
041830   
041831   
041832   
041833   
041834   
041835   
041836   
041837   
041838   
041839   
041840   
041841   
041842   
041843   
041844   
041845   
041846   
041847   
041848   
041849   
041850   
041851   
041852   
041853   
041854   
041855   
041856   
041857   
041858   
041859   
041900   
041901   
041902   
041903   
041904   
041905   
041906   
041907   
041908   
041909   
041910   
041911   
041912   
041913   
041914   
041915   
041916   
041917   
041918   
041919   
041920   
041921   
041922   
041923   
041924   
041925   
041926   
041927   
041928   
041929   
041930   
041931   
041932   
041933   
041934   
041935   
041936   
041937   
041938   
041939   
041940   
041941   
041942   
041943   
041944   
041945   
041946   
041947   
041948   
041949   
041950   
041951   
041952   
041953   
041954   
041955   
041956   
041957   
041958   
041959   
042000   
042001   
042002   
042003   
042004   
042005   
042006   
042007   
042008   
042009   
042010   
042011   
042012   
042013   
042014   
042015   
042016   
042017   
042018   
042019   
042020   
042021   
042022   
042023   
042024   
042025   
042026   
042027   
042028   
042029   
042030   
042031   
042032   
042033   
042034   
042035   
042036   
042037   
042038   
042039   
042040   
042041   
042042   
042043   
042044   
042045   
042046   
042047   
042048   
042049   
042050   
042051   
042052   
042053   
042054   
042055   
042056   
042057   
042058   
042059   
042100   
042101   
042102   
042103   
042104   
042105   
042106   
042107   
042108   
042109   
042110   
042111   
042112   
042113   
042114   
042115   
042116   
042117   
042118   
042119   
042120   
042121   
042122   
042123   
042124   
042125   
042126   
042127   
042128   
042129   
042130   
042131   
042132   
042133   
042134   
042135   
042136   
042137   
042138   
042139   
042140   
042141   
042142   
042143   
042144   
042145   
042146   
042147   
042148   
042149   
042150   
042151   
042152   
042153   
042154   
042155   
042156   
042157   
042158   
042159   
042200   
042201   
042202   
042203   
042204   
042205   
042206   
042207   
042208   
042209   
042210   
042211   
042212   
042213   
042214   
042215   
042216   
042217   
042218   
042219   
042220   
042221   
042222   
042223   
042224   
042225   
042226   
042227   
042228   
042229   
042230   
042231   
042232   
042233   
042234   
042235   
042236   
042237   
042238   
042239   
042240   
042241   
042242   
042243   
042244   
042245   
042246   
042247   
042248   
042249   
042250   
042251   
042252   
042253   
042254   
042255   
042256   
042257   
042258   
042259   
042300   
042301   
042302   
042303   
042304   
042305   
042306   
042307   
042308   
042309   
042310   
042311   
042312   
042313   
042314   
042315   
042316   
042317   
042318   
042319   
042320   
042321   
042322   
042323   
042324   
042325   
042326   
042327   
042328   
042329   
042330   
042331   
042332   
042333   
042334   
042335   
042336   
042337   
042338   
042339   
042340   
042341   
042342   
042343   
042344   
042345   
042346   
042347   
042348   
042349   
042350   
042351   
042352   
042353   
042354   
042355   
042356   
042357   
042358   
042359   
042400   
042401   
042402   
042403   
042404   
042405   
042406   
042407   
042408   
042409   
042410   
042411   
042412   
042413   
042414   
042415   
042416   
042417   
042418   
042419   
042420   
042421   
042422   
042423   
042424   
042425   
042426   
042427   
042428   
042429   
042430   
042431   
042432   
042433   
042434   
042435   
042436   
042437   
042438   
042439   
042440   
042441   
042442   
042443   
042444   
042445   
042446   
042447   
042448   
042449   
042450   
042451   
042452   
042453   
042454   
042455   
042456   
042457   
042458   
042459   
042500   
042501   
042502   
042503   
042504   
042505   
042506   
042507   
042508   
042509   
042510   
042511   
042512   
042513   
042514   
042515   
042516   
042517   
042518   
042519   
042520   
042521   
042522   
042523   
042524   
042525   
042526   
042527   
042528   
042529   
042530   
042531   
042532   
042533   
042534   
042535   
042536   
042537   
042538   
042539   
042540   
042541   
042542   
042543   
042544   
042545   
042546   
042547   
042548   
042549   
042550   
042551   
042552   
042553   
042554   
042555   
042556   
042557   
042558   
042559   
042600   
042601   
042602   
042603   
042604   
042605   
042606   
042607   
042608   
042609   
042610   
042611   
042612   
042613   
042614   
042615   
042616   
042617   
042618   
042619   
042620   
042621   
042622   
042623   
042624   
042625   
042626   
042627   
042628   
042629   
042630   
042631   
042632   
042633   
042634   
042635   
042636   
042637   
042638   
042639   
042640   
042641   
042642   
042643   
042644   
042645   
042646   
042647   
042648   
042649   
042650   
042651   
042652   
042653   
042654   
042655   
042656   
042657   
042658   
042659   
042700   
042701   
042702   
042703   
042704   
042705   
042706   
042707   
042708   
042709   
042710   
042711   
042712   
042713   
042714   
042715   
042716   
042717   
042718   
042719   
042720   
042721   
042722   
042723   
042724   
042725   
042726   
042727   
042728   
042729   
042730   
042731   
042732   
042733   
042734   
042735   
042736   
042737   
042738   
042739   
042740   
042741   
042742   
042743   
042744   
042745   
042746   
042747   
042748   
042749   
042750   
042751   
042752   
042753   
042754   
042755   
042756   
042757   
042758   
042759   
042800   
042801   
042802   
042803   
042804   
042805   
042806   
042807   
042808   
042809   
042810   
042811   
042812   
042813   
042814   
042815   
042816   
042817   
042818   
042819   
042820   
042821   
042822   
042823   
042824   
042825   
042826   
042827   
042828   
042829   
042830   
042831   
042832   
042833   
042834   
042835   
042836   
042837   
042838   
042839   
042840   
042841   
042842   
042843   
042844   
042845   
042846   
042847   
042848   
042849   
042850   
042851   
042852   
042853   
042854   
042855   
042856   
042857   
042858   
042859   
042900   
042901   
042902   
042903   
042904   
042905   
042906   
042907   
042908   
042909   
042910   
042911   
042912   
042913   
042914   
042915   
042916   
042917   
042918   
042919   
042920   
042921   
042922   
042923   
042924   
042925   
042926   
042927   
042928   
042929   
042930   
042931   
042932   
042933   
042934   
042935   
042936   
042937   
042938   
042939   
042940   
042941   
042942   
042943   
042944   
042945   
042946   
042947   
042948   
042949   
042950   
042951   
042952   
042953   
042954   
042955   
042956   
042957   
042958   
042959   
043000   
043001   
043002   
043003   
043004   
043005   
043006   
043007   
043008   
043009   
043010   
043011   
043012   
043013   
043014   
043015   
043016   
043017   
043018   
043019   
043020   
043021   
043022   
043023   
043024   
043025   
043026   
043027   
043028   
043029   
043030   
043031   
043032   
043033   
043034   
043035   
043036   
043037   
043038   
043039   
043040   
043041   
043042   
043043   
043044   
043045   
043046   
043047   
043048   
043049   
043050   
043051   
043052   
043053   
043054   
043055   
043056   
043057   
043058   
043059   
043100   
043101   
043102   
043103   
043104   
043105   
043106   
043107   
043108   
043109   
043110   
043111   
043112   
043113   
043114   
043115   
043116   
043117   
043118   
043119   
043120   
043121   
043122   
043123   
043124   
043125   
043126   
043127   
043128   
043129   
043130   
043131   
043132   
043133   
043134   
043135   
043136   
043137   
043138   
043139   
043140   
043141   
043142   
043143   
043144   
043145   
043146   
043147   
043148   
043149   
043150   
043151   
043152   
043153   
043154   
043155   
043156   
043157   
043158   
043159   
043200   
043201   
043202   
043203   
043204   
043205   
043206   
043207   
043208   
043209   
043210   
043211   
043212   
043213   
043214   
043215   
043216   
043217   
043218   
043219   
043220   
043221   
043222   
043223   
043224   
043225   
043226   
043227   
043228   
043229   
043230   
043231   
043232   
043233   
043234   
043235   
043236   
043237   
043238   
043239   
043240   
043241   
043242   
043243   
043244   
043245   
043246   
043247   
043248   
043249   
043250   
043251   
043252   
043253   
043254   
043255   
043256   
043257   
043258   
043259   
043300   
043301   
043302   
043303   
043304   
043305   
043306   
043307   
043308   
043309   
043310   
043311   
043312   
043313   
043314   
043315   
043316   
043317   
043318   
043319   
043320   
043321   
043322   
043323   
043324   
043325   
043326   
043327   
043328   
043329   
043330   
043331   
043332   
043333   
043334   
043335   
043336   
043337   
043338   
043339   
043340   
043341   
043342   
043343   
043344   
043345   
043346   
043347   
043348   
043349   
043350   
043351   
043352   
043353   
043354   
043355   
043356   
043357   
043358   
043359   
043400   
043401   
043402   
043403   
043404   
043405   
043406   
043407   
043408   
043409   
043410   
043411   
043412   
043413   
043414   
043415   
043416   
043417   
043418   
043419   
043420   
043421   
043422   
043423   
043424   
043425   
043426   
043427   
043428   
043429   
043430   
043431   
043432   
043433   
043434   
043435   
043436   
043437   
043438   
043439   
043440   
043441   
043442   
043443   
043444   
043445   
043446   
043447   
043448   
043449   
043450   
043451   
043452   
043453   
043454   
043455   
043456   
043457   
043458   
043459   
043500   
043501   
043502   
043503   
043504   
043505   
043506   
043507   
043508   
043509   
043510   
043511   
043512   
043513   
043514   
043515   
043516   
043517   
043518   
043519   
043520   
043521   
043522   
043523   
043524   
043525   
043526   
043527   
043528   
043529   
043530   
043531   
043532   
043533   
043534   
043535   
043536   
043537   
043538   
043539   
043540   
043541   
043542   
043543   
043544   
043545   
043546   
043547   
043548   
043549   
043550   
043551   
043552   
043553   
043554   
043555   
043556   
043557   
043558   
043559   
043600   
043601   
043602   
043603   
043604   
043605   
043606   
043607   
043608   
043609   
043610   
043611   
043612   
043613   
043614   
043615   
043616   
043617   
043618   
043619   
043620   
043621   
043622   
043623   
043624   
043625   
043626   
043627   
043628   
043629   
043630   
043631   
043632   
043633   
043634   
043635   
043636   
043637   
043638   
043639   
043640   
043641   
043642   
043643   
043644   
043645   
043646   
043647   
043648   
043649   
043650   
043651   
043652   
043653   
043654   
043655   
043656   
043657   
043658   
043659   
043700   
043701   
043702   
043703   
043704   
043705   
043706   
043707   
043708   
043709   
043710   
043711   
043712   
043713   
043714   
043715   
043716   
043717   
043718   
043719   
043720   
043721   
043722   
043723   
043724   
043725   
043726   
043727   
043728   
043729   
043730   
043731   
043732   
043733   
043734   
043735   
043736   
043737   
043738   
043739   
043740   
043741   
043742   
043743   
043744   
043745   
043746   
043747   
043748   
043749   
043750   
043751   
043752   
043753   
043754   
043755   
043756   
043757   
043758   
043759   
043800   
043801   
043802   
043803   
043804   
043805   
043806   
043807   
043808   
043809   
043810   
043811   
043812   
043813   
043814   
043815   
043816   
043817   
043818   
043819   
043820   
043821   
043822   
043823   
043824   
043825   
043826   
043827   
043828   
043829   
043830   
043831   
043832   
043833   
043834   
043835   
043836   
043837   
043838   
043839   
043840   
043841   
043842   
043843   
043844   
043845   
043846   
043847   
043848   
043849   
043850   
043851   
043852   
043853   
043854   
043855   
043856   
043857   
043858   
043859   
043900   
043901   
043902   
043903   
043904   
043905   
043906   
043907   
043908   
043909   
043910   
043911   
043912   
043913   
043914   
043915   
043916   
043917   
043918   
043919   
043920   
043921   
043922   
043923   
043924   
043925   
043926   
043927   
043928   
043929   
043930   
043931   
043932   
043933   
043934   
043935   
043936   
043937   
043938   
043939   
043940   
043941   
043942   
043943   
043944   
043945   
043946   
043947   
043948   
043949   
043950   
043951   
043952   
043953   
043954   
043955   
043956   
043957   
043958   
043959   
044000   
044001   
044002   
044003   
044004   
044005   
044006   
044007   
044008   
044009   
044010   
044011   
044012   
044013   
044014   
044015   
044016   
044017   
044018   
044019   
044020   
044021   
044022   
044023   
044024   
044025   
044026   
044027   
044028   
044029   
044030   
044031   
044032   
044033   
044034   
044035   
044036   
044037   
044038   
044039   
044040   
044041   
044042   
044043   
044044   
044045   
044046   
044047   
044048   
044049   
044050   
044051   
044052   
044053   
044054   
044055   
044056   
044057   
044058   
044059   
044100   
044101   
044102   
044103   
044104   
044105   
044106   
044107   
044108   
044109   
044110   
044111   
044112   
044113   
044114   
044115   
044116   
044117   
044118   
044119   
044120   
044121   
044122   
044123   
044124   
044125   
044126   
044127   
044128   
044129   
044130   
044131   
044132   
044133   
044134   
044135   
044136   
044137   
044138   
044139   
044140   
044141   
044142   
044143   
044144   
044145   
044146   
044147   
044148   
044149   
044150   
044151   
044152   
044153   
044154   
044155   
044156   
044157   
044158   
044159   
044200   
044201   
044202   
044203   
044204   
044205   
044206   
044207   
044208   
044209   
044210   
044211   
044212   
044213   
044214   
044215   
044216   
044217   
044218   
044219   
044220   
044221   
044222   
044223   
044224   
044225   
044226   
044227   
044228   
044229   
044230   
044231   
044232   
044233   
044234   
044235   
044236   
044237   
044238   
044239   
044240   
044241   
044242   
044243   
044244   
044245   
044246   
044247   
044248   
044249   
044250   
044251   
044252   
044253   
044254   
044255   
044256   
044257   
044258   
044259   
044300   
044301   
044302   
044303   
044304   
044305   
044306   
044307   
044308   
044309   
044310   
044311   
044312   
044313   
044314   
044315   
044316   
044317   
044318   
044319   
044320   
044321   
044322   
044323   
044324   
044325   
044326   
044327   
044328   
044329   
044330   
044331   
044332   
044333   
044334   
044335   
044336   
044337   
044338   
044339   
044340   
044341   
044342   
044343   
044344   
044345   
044346   
044347   
044348   
044349   
044350   
044351   
044352   
044353   
044354   
044355   
044356   
044357   
044358   
044359   
044400   
044401   
044402   
044403   
044404   
044405   
044406   
044407   
044408   
044409   
044410   
044411   
044412   
044413   
044414   
044415   
044416   
044417   
044418   
044419   
044420   
044421   
044422   
044423   
044424   
044425   
044426   
044427   
044428   
044429   
044430   
044431   
044432   
044433   
044434   
044435   
044436   
044437   
044438   
044439   
044440   
044441   
044442   
044443   
044444   
044445   
044446   
044447   
044448   
044449   
044450   
044451   
044452   
044453   
044454   
044455   
044456   
044457   
044458   
044459   
044500   
044501   
044502   
044503   
044504   
044505   
044506   
044507   
044508   
044509   
044510   
044511   
044512   
044513   
044514   
044515   
044516   
044517   
044518   
044519   
044520   
044521   
044522   
044523   
044524   
044525   
044526   
044527   
044528   
044529   
044530   
044531   
044532   
044533   
044534   
044535   
044536   
044537   
044538   
044539   
044540   
044541   
044542   
044543   
044544   
044545   
044546   
044547   
044548   
044549   
044550   
044551   
044552   
044553   
044554   
044555   
044556   
044557   
044558   
044559   
044600   
044601   
044602   
044603   
044604   
044605   
044606   
044607   
044608   
044609   
044610   
044611   
044612   
044613   
044614   
044615   
044616   
044617   
044618   
044619   
044620   
044621   
044622   
044623   
044624   
044625   
044626   
044627   
044628   
044629   
044630   
044631   
044632   
044633   
044634   
044635   
044636   
044637   
044638   
044639   
044640   
044641   
044642   
044643   
044644   
044645   
044646   
044647   
044648   
044649   
044650   
044651   
044652   
044653   
044654   
044655   
044656   
044657   
044658   
044659   
044700   
044701   
044702   
044703   
044704   
044705   
044706   
044707   
044708   
044709   
044710   
044711   
044712   
044713   
044714   
044715   
044716   
044717   
044718   
044719   
044720   
044721   
044722   
044723   
044724   
044725   
044726   
044727   
044728   
044729   
044730   
044731   
044732   
044733   
044734   
044735   
044736   
044737   
044738   
044739   
044740   
044741   
044742   
044743   
044744   
044745   
044746   
044747   
044748   
044749   
044750   
044751   
044752   
044753   
044754   
044755   
044756   
044757   
044758   
044759   
044800   
044801   
044802   
044803   
044804   
044805   
044806   
044807   
044808   
044809   
044810   
044811   
044812   
044813   
044814   
044815   
044816   
044817   
044818   
044819   
044820   
044821   
044822   
044823   
044824   
044825   
044826   
044827   
044828   
044829   
044830   
044831   
044832   
044833   
044834   
044835   
044836   
044837   
044838   
044839   
044840   
044841   
044842   
044843   
044844   
044845   
044846   
044847   
044848   
044849   
044850   
044851   
044852   
044853   
044854   
044855   
044856   
044857   
044858   
044859   
044900   
044901   
044902   
044903   
044904   
044905   
044906   
044907   
044908   
044909   
044910   
044911   
044912   
044913   
044914   
044915   
044916   
044917   
044918   
044919   
044920   
044921   
044922   
044923   
044924   
044925   
044926   
044927   
044928   
044929   
044930   
044931   
044932   
044933   
044934   
044935   
044936   
044937   
044938   
044939   
044940   
044941   
044942   
044943   
044944   
044945   
044946   
044947   
044948   
044949   
044950   
044951   
044952   
044953   
044954   
044955   
044956   
044957   
044958   
044959   
045000   
045001   
045002   
045003   
045004   
045005   
045006   
045007   
045008   
045009   
045010   
045011   
045012   
045013   
045014   
045015   
045016   
045017   
045018   
045019   
045020   
045021   
045022   
045023   
045024   
045025   
045026   
045027   
045028   
045029   
045030   
045031   
045032   
045033   
045034   
045035   
045036   
045037   
045038   
045039   
045040   
045041   
045042   
045043   
045044   
045045   
045046   
045047   
045048   
045049   
045050   
045051   
045052   
045053   
045054   
045055   
045056   
045057   
045058   
045059   
045100   
045101   
045102   
045103   
045104   
045105   
045106   
045107   
045108   
045109   
045110   
045111   
045112   
045113   
045114   
045115   
045116   
045117   
045118   
045119   
045120   
045121   
045122   
045123   
045124   
045125   
045126   
045127   
045128   
045129   
045130   
045131   
045132   
045133   
045134   
045135   
045136   
045137   
045138   
045139   
045140   
045141   
045142   
045143   
045144   
045145   
045146   
045147   
045148   
045149   
045150   
045151   
045152   
045153   
045154   
045155   
045156   
045157   
045158   
045159   
045200   
045201   
045202   
045203   
045204   
045205   
045206   
045207   
045208   
045209   
045210   
045211   
045212   
045213   
045214   
045215   
045216   
045217   
045218   
045219   
045220   
045221   
045222   
045223   
045224   
045225   
045226   
045227   
045228   
045229   
045230   
045231   
045232   
045233   
045234   
045235   
045236   
045237   
045238   
045239   
045240   
045241   
045242   
045243   
045244   
045245   
045246   
045247   
045248   
045249   
045250   
045251   
045252   
045253   
045254   
045255   
045256   
045257   
045258   
045259   
045300   
045301   
045302   
045303   
045304   
045305   
045306   
045307   
045308   
045309   
045310   
045311   
045312   
045313   
045314   
045315   
045316   
045317   
045318   
045319   
045320   
045321   
045322   
045323   
045324   
045325   
045326   
045327   
045328   
045329   
045330   
045331   
045332   
045333   
045334   
045335   
045336   
045337   
045338   
045339   
045340   
045341   
045342   
045343   
045344   
045345   
045346   
045347   
045348   
045349   
045350   
045351   
045352   
045353   
045354   
045355   
045356   
045357   
045358   
045359   
045400   
045401   
045402   
045403   
045404   
045405   
045406   
045407   
045408   
045409   
045410   
045411   
045412   
045413   
045414   
045415   
045416   
045417   
045418   
045419   
045420   
045421   
045422   
045423   
045424   
045425   
045426   
045427   
045428   
045429   
045430   
045431   
045432   
045433   
045434   
045435   
045436   
045437   
045438   
045439   
045440   
045441   
045442   
045443   
045444   
045445   
045446   
045447   
045448   
045449   
045450   
045451   
045452   
045453   
045454   
045455   
045456   
045457   
045458   
045459   
045500   
045501   
045502   
045503   
045504   
045505   
045506   
045507   
045508   
045509   
045510   
045511   
045512   
045513   
045514   
045515   
045516   
045517   
045518   
045519   
045520   
045521   
045522   
045523   
045524   
045525   
045526   
045527   
045528   
045529   
045530   
045531   
045532   
045533   
045534   
045535   
045536   
045537   
045538   
045539   
045540   
045541   
045542   
045543   
045544   
045545   
045546   
045547   
045548   
045549   
045550   
045551   
045552   
045553   
045554   
045555   
045556   
045557   
045558   
045559   
045600   
045601   
045602   
045603   
045604   
045605   
045606   
045607   
045608   
045609   
045610   
045611   
045612   
045613   
045614   
045615   
045616   
045617   
045618   
045619   
045620   
045621   
045622   
045623   
045624   
045625   
045626   
045627   
045628   
045629   
045630   
045631   
045632   
045633   
045634   
045635   
045636   
045637   
045638   
045639   
045640   
045641   
045642   
045643   
045644   
045645   
045646   
045647   
045648   
045649   
045650   
045651   
045652   
045653   
045654   
045655   
045656   
045657   
045658   
045659   
045700   
045701   
045702   
045703   
045704   
045705   
045706   
045707   
045708   
045709   
045710   
045711   
045712   
045713   
045714   
045715   
045716   
045717   
045718   
045719   
045720   
045721   
045722   
045723   
045724   
045725   
045726   
045727   
045728   
045729   
045730   
045731   
045732   
045733   
045734   
045735   
045736   
045737   
045738   
045739   
045740   
045741   
045742   
045743   
045744   
045745   
045746   
045747   
045748   
045749   
045750   
045751   
045752   
045753   
045754   
045755   
045756   
045757   
045758   
045759   
045800   
045801   
045802   
045803   
045804   
045805   
045806   
045807   
045808   
045809   
045810   
045811   
045812   
045813   
045814   
045815   
045816   
045817   
045818   
045819   
045820   
045821   
045822   
045823   
045824   
045825   
045826   
045827   
045828   
045829   
045830   
045831   
045832   
045833   
045834   
045835   
045836   
045837   
045838   
045839   
045840   
045841   
045842   
045843   
045844   
045845   
045846   
045847   
045848   
045849   
045850   
045851   
045852   
045853   
045854   
045855   
045856   
045857   
045858   
045859   
045900   
045901   
045902   
045903   
045904   
045905   
045906   
045907   
045908   
045909   
045910   
045911   
045912   
045913   
045914   
045915   
045916   
045917   
045918   
045919   
045920   
045921   
045922   
045923   
045924   
045925   
045926   
045927   
045928   
045929   
045930   
045931   
045932   
045933   
045934   
045935   
045936   
045937   
045938   
045939   
045940   
045941   
045942   
045943   
045944   
045945   
045946   
045947   
045948   
045949   
045950   
045951   
045952   
045953   
045954   
045955   
045956   
045957   
045958   
045959   
