050000   
050001   
050002   
050003   
050004   
050005   
050006   
050007   
050008   
050009   
050010   
050011   
050012   
050013   
050014   
050015   
050016   
050017   
050018   
050019   
050020   
050021   
050022   
050023   
050024   
050025   
050026   
050027   
050028   
050029   
050030   
050031   
050032   
050033   
050034   
050035   
050036   
050037   
050038   
050039   
050040   
050041   
050042   
050043   
050044   
050045   
050046   
050047   
050048   
050049   
050050   
050051   
050052   
050053   
050054   
050055   
050056   
050057   
050058   
050059   
050100   
050101   
050102   
050103   
050104   
050105   
050106   
050107   
050108   
050109   
050110   
050111   
050112   
050113   
050114   
050115   
050116   
050117   
050118   
050119   
050120   
050121   
050122   
050123   
050124   
050125   
050126   
050127   
050128   
050129   
050130   
050131   
050132   
050133   
050134   
050135   
050136   
050137   
050138   
050139   
050140   
050141   
050142   
050143   
050144   
050145   
050146   
050147   
050148   
050149   
050150   
050151   
050152   
050153   
050154   
050155   
050156   
050157   
050158   
050159   
050200   
050201   
050202   
050203   
050204   
050205   
050206   
050207   
050208   
050209   
050210   
050211   
050212   
050213   
050214   
050215   
050216   
050217   
050218   
050219   
050220   
050221   
050222   
050223   
050224   
050225   
050226   
050227   
050228   
050229   
050230   
050231   
050232   
050233   
050234   
050235   
050236   
050237   
050238   
050239   
050240   
050241   
050242   
050243   
050244   
050245   
050246   
050247   
050248   
050249   
050250   
050251   
050252   
050253   
050254   
050255   
050256   
050257   
050258   
050259   
050300   
050301   
050302   
050303   
050304   
050305   
050306   
050307   
050308   
050309   
050310   
050311   
050312   
050313   
050314   
050315   
050316   
050317   
050318   
050319   
050320   
050321   
050322   
050323   
050324   
050325   
050326   
050327   
050328   
050329   
050330   
050331   
050332   
050333   
050334   
050335   
050336   
050337   
050338   
050339   
050340   
050341   
050342   
050343   
050344   
050345   
050346   
050347   
050348   
050349   
050350   
050351   
050352   
050353   
050354   
050355   
050356   
050357   
050358   
050359   
050400   
050401   
050402   
050403   
050404   
050405   
050406   
050407   
050408   
050409   
050410   
050411   
050412   
050413   
050414   
050415   
050416   
050417   
050418   
050419   
050420   
050421   
050422   
050423   
050424   
050425   
050426   
050427   
050428   
050429   
050430   
050431   
050432   
050433   
050434   
050435   
050436   
050437   
050438   
050439   
050440   
050441   
050442   
050443   
050444   
050445   
050446   
050447   
050448   
050449   
050450   
050451   
050452   
050453   
050454   
050455   
050456   
050457   
050458   
050459   
050500   
050501   
050502   
050503   
050504   
050505   
050506   
050507   
050508   
050509   
050510   
050511   
050512   
050513   
050514   
050515   
050516   
050517   
050518   
050519   
050520   
050521   
050522   
050523   
050524   
050525   
050526   
050527   
050528   
050529   
050530   
050531   
050532   
050533   
050534   
050535   
050536   
050537   
050538   
050539   
050540   
050541   
050542   
050543   
050544   
050545   
050546   
050547   
050548   
050549   
050550   
050551   
050552   
050553   
050554   
050555   
050556   
050557   
050558   
050559   
050600   
050601   
050602   
050603   
050604   
050605   
050606   
050607   
050608   
050609   
050610   
050611   
050612   
050613   
050614   
050615   
050616   
050617   
050618   
050619   
050620   
050621   
050622   
050623   
050624   
050625   
050626   
050627   
050628   
050629   
050630   
050631   
050632   
050633   
050634   
050635   
050636   
050637   
050638   
050639   
050640   
050641   
050642   
050643   
050644   
050645   
050646   
050647   
050648   
050649   
050650   
050651   
050652   
050653   
050654   
050655   
050656   
050657   
050658   
050659   
050700   
050701   
050702   
050703   
050704   
050705   
050706   
050707   
050708   
050709   
050710   
050711   
050712   
050713   
050714   
050715   
050716   
050717   
050718   
050719   
050720   
050721   
050722   
050723   
050724   
050725   
050726   
050727   
050728   
050729   
050730   
050731   
050732   
050733   
050734   
050735   
050736   
050737   
050738   
050739   
050740   
050741   
050742   
050743   
050744   
050745   
050746   
050747   
050748   
050749   
050750   
050751   
050752   
050753   
050754   
050755   
050756   
050757   
050758   
050759   
050800   
050801   
050802   
050803   
050804   
050805   
050806   
050807   
050808   
050809   
050810   
050811   
050812   
050813   
050814   
050815   
050816   
050817   
050818   
050819   
050820   
050821   
050822   
050823   
050824   
050825   
050826   
050827   
050828   
050829   
050830   
050831   
050832   
050833   
050834   
050835   
050836   
050837   
050838   
050839   
050840   
050841   
050842   
050843   
050844   
050845   
050846   
050847   
050848   
050849   
050850   
050851   
050852   
050853   
050854   
050855   
050856   
050857   
050858   
050859   
050900   
050901   
050902   
050903   
050904   
050905   
050906   
050907   
050908   
050909   
050910   
050911   
050912   
050913   
050914   
050915   
050916   
050917   
050918   
050919   
050920   
050921   
050922   
050923   
050924   
050925   
050926   
050927   
050928   
050929   
050930   
050931   
050932   
050933   
050934   
050935   
050936   
050937   
050938   
050939   
050940   
050941   
050942   
050943   
050944   
050945   
050946   
050947   
050948   
050949   
050950   
050951   
050952   
050953   
050954   
050955   
050956   
050957   
050958   
050959   
051000   
051001   
051002   
051003   
051004   
051005   
051006   
051007   
051008   
051009   
051010   
051011   
051012   
051013   
051014   
051015   
051016   
051017   
051018   
051019   
051020   
051021   
051022   
051023   
051024   
051025   
051026   
051027   
051028   
051029   
051030   
051031   
051032   
051033   
051034   
051035   
051036   
051037   
051038   
051039   
051040   
051041   
051042   
051043   
051044   
051045   
051046   
051047   
051048   
051049   
051050   
051051   
051052   
051053   
051054   
051055   
051056   
051057   
051058   
051059   
051100   
051101   
051102   
051103   
051104   
051105   
051106   
051107   
051108   
051109   
051110   
051111   
051112   
051113   
051114   
051115   
051116   
051117   
051118   
051119   
051120   
051121   
051122   
051123   
051124   
051125   
051126   
051127   
051128   
051129   
051130   
051131   
051132   
051133   
051134   
051135   
051136   
051137   
051138   
051139   
051140   
051141   
051142   
051143   
051144   
051145   
051146   
051147   
051148   
051149   
051150   
051151   
051152   
051153   
051154   
051155   
051156   
051157   
051158   
051159   
051200   
051201   
051202   
051203   
051204   
051205   
051206   
051207   
051208   
051209   
051210   
051211   
051212   
051213   
051214   
051215   
051216   
051217   
051218   
051219   
051220   
051221   
051222   
051223   
051224   
051225   
051226   
051227   
051228   
051229   
051230   
051231   
051232   
051233   
051234   
051235   
051236   
051237   
051238   
051239   
051240   
051241   
051242   
051243   
051244   
051245   
051246   
051247   
051248   
051249   
051250   
051251   
051252   
051253   
051254   
051255   
051256   
051257   
051258   
051259   
051300   
051301   
051302   
051303   
051304   
051305   
051306   
051307   
051308   
051309   
051310   
051311   
051312   
051313   
051314   
051315   
051316   
051317   
051318   
051319   
051320   
051321   
051322   
051323   
051324   
051325   
051326   
051327   
051328   
051329   
051330   
051331   
051332   
051333   
051334   
051335   
051336   
051337   
051338   
051339   
051340   
051341   
051342   
051343   
051344   
051345   
051346   
051347   
051348   
051349   
051350   
051351   
051352   
051353   
051354   
051355   
051356   
051357   
051358   
051359   
051400   
051401   
051402   
051403   
051404   
051405   
051406   
051407   
051408   
051409   
051410   
051411   
051412   
051413   
051414   
051415   
051416   
051417   
051418   
051419   
051420   
051421   
051422   
051423   
051424   
051425   
051426   
051427   
051428   
051429   
051430   
051431   
051432   
051433   
051434   
051435   
051436   
051437   
051438   
051439   
051440   
051441   
051442   
051443   
051444   
051445   
051446   
051447   
051448   
051449   
051450   
051451   
051452   
051453   
051454   
051455   
051456   
051457   
051458   
051459   
051500   
051501   
051502   
051503   
051504   
051505   
051506   
051507   
051508   
051509   
051510   
051511   
051512   
051513   
051514   
051515   
051516   
051517   
051518   
051519   
051520   
051521   
051522   
051523   
051524   
051525   
051526   
051527   
051528   
051529   
051530   
051531   
051532   
051533   
051534   
051535   
051536   
051537   
051538   
051539   
051540   
051541   
051542   
051543   
051544   
051545   
051546   
051547   
051548   
051549   
051550   
051551   
051552   
051553   
051554   
051555   
051556   
051557   
051558   
051559   
051600   
051601   
051602   
051603   
051604   
051605   
051606   
051607   
051608   
051609   
051610   
051611   
051612   
051613   
051614   
051615   
051616   
051617   
051618   
051619   
051620   
051621   
051622   
051623   
051624   
051625   
051626   
051627   
051628   
051629   
051630   
051631   
051632   
051633   
051634   
051635   
051636   
051637   
051638   
051639   
051640   
051641   
051642   
051643   
051644   
051645   
051646   
051647   
051648   
051649   
051650   
051651   
051652   
051653   
051654   
051655   
051656   
051657   
051658   
051659   
051700   
051701   
051702   
051703   
051704   
051705   
051706   
051707   
051708   
051709   
051710   
051711   
051712   
051713   
051714   
051715   
051716   
051717   
051718   
051719   
051720   
051721   
051722   
051723   
051724   
051725   
051726   
051727   
051728   
051729   
051730   
051731   
051732   
051733   
051734   
051735   
051736   
051737   
051738   
051739   
051740   
051741   
051742   
051743   
051744   
051745   
051746   
051747   
051748   
051749   
051750   
051751   
051752   
051753   
051754   
051755   
051756   
051757   
051758   
051759   
051800   
051801   
051802   
051803   
051804   
051805   
051806   
051807   
051808   
051809   
051810   
051811   
051812   
051813   
051814   
051815   
051816   
051817   
051818   
051819   
051820   
051821   
051822   
051823   
051824   
051825   
051826   
051827   
051828   
051829   
051830   
051831   
051832   
051833   
051834   
051835   
051836   
051837   
051838   
051839   
051840   
051841   
051842   
051843   
051844   
051845   
051846   
051847   
051848   
051849   
051850   
051851   
051852   
051853   
051854   
051855   
051856   
051857   
051858   
051859   
051900   
051901   
051902   
051903   
051904   
051905   
051906   
051907   
051908   
051909   
051910   
051911   
051912   
051913   
051914   
051915   
051916   
051917   
051918   
051919   
051920   
051921   
051922   
051923   
051924   
051925   
051926   
051927   
051928   
051929   
051930   
051931   
051932   
051933   
051934   
051935   
051936   
051937   
051938   
051939   
051940   
051941   
051942   
051943   
051944   
051945   
051946   
051947   
051948   
051949   
051950   
051951   
051952   
051953   
051954   
051955   
051956   
051957   
051958   
051959   
052000   
052001   
052002   
052003   
052004   
052005   
052006   
052007   
052008   
052009   
052010   
052011   
052012   
052013   
052014   
052015   
052016   
052017   
052018   
052019   
052020   
052021   
052022   
052023   
052024   
052025   
052026   
052027   
052028   
052029   
052030   
052031   
052032   
052033   
052034   
052035   
052036   
052037   
052038   
052039   
052040   
052041   
052042   
052043   
052044   
052045   
052046   
052047   
052048   
052049   
052050   
052051   
052052   
052053   
052054   
052055   
052056   
052057   
052058   
052059   
052100   
052101   
052102   
052103   
052104   
052105   
052106   
052107   
052108   
052109   
052110   
052111   
052112   
052113   
052114   
052115   
052116   
052117   
052118   
052119   
052120   
052121   
052122   
052123   
052124   
052125   
052126   
052127   
052128   
052129   
052130   
052131   
052132   
052133   
052134   
052135   
052136   
052137   
052138   
052139   
052140   
052141   
052142   
052143   
052144   
052145   
052146   
052147   
052148   
052149   
052150   
052151   
052152   
052153   
052154   
052155   
052156   
052157   
052158   
052159   
052200   
052201   
052202   
052203   
052204   
052205   
052206   
052207   
052208   
052209   
052210   
052211   
052212   
052213   
052214   
052215   
052216   
052217   
052218   
052219   
052220   
052221   
052222   
052223   
052224   
052225   
052226   
052227   
052228   
052229   
052230   
052231   
052232   
052233   
052234   
052235   
052236   
052237   
052238   
052239   
052240   
052241   
052242   
052243   
052244   
052245   
052246   
052247   
052248   
052249   
052250   
052251   
052252   
052253   
052254   
052255   
052256   
052257   
052258   
052259   
052300   
052301   
052302   
052303   
052304   
052305   
052306   
052307   
052308   
052309   
052310   
052311   
052312   
052313   
052314   
052315   
052316   
052317   
052318   
052319   
052320   
052321   
052322   
052323   
052324   
052325   
052326   
052327   
052328   
052329   
052330   
052331   
052332   
052333   
052334   
052335   
052336   
052337   
052338   
052339   
052340   
052341   
052342   
052343   
052344   
052345   
052346   
052347   
052348   
052349   
052350   
052351   
052352   
052353   
052354   
052355   
052356   
052357   
052358   
052359   
052400   
052401   
052402   
052403   
052404   
052405   
052406   
052407   
052408   
052409   
052410   
052411   
052412   
052413   
052414   
052415   
052416   
052417   
052418   
052419   
052420   
052421   
052422   
052423   
052424   
052425   
052426   
052427   
052428   
052429   
052430   
052431   
052432   
052433   
052434   
052435   
052436   
052437   
052438   
052439   
052440   
052441   
052442   
052443   
052444   
052445   
052446   
052447   
052448   
052449   
052450   
052451   
052452   
052453   
052454   
052455   
052456   
052457   
052458   
052459   
052500   
052501   
052502   
052503   
052504   
052505   
052506   
052507   
052508   
052509   
052510   
052511   
052512   
052513   
052514   
052515   
052516   
052517   
052518   
052519   
052520   
052521   
052522   
052523   
052524   
052525   
052526   
052527   
052528   
052529   
052530   
052531   
052532   
052533   
052534   
052535   
052536   
052537   
052538   
052539   
052540   
052541   
052542   
052543   
052544   
052545   
052546   
052547   
052548   
052549   
052550   
052551   
052552   
052553   
052554   
052555   
052556   
052557   
052558   
052559   
052600   
052601   
052602   
052603   
052604   
052605   
052606   
052607   
052608   
052609   
052610   
052611   
052612   
052613   
052614   
052615   
052616   
052617   
052618   
052619   
052620   
052621   
052622   
052623   
052624   
052625   
052626   
052627   
052628   
052629   
052630   
052631   
052632   
052633   
052634   
052635   
052636   
052637   
052638   
052639   
052640   
052641   
052642   
052643   
052644   
052645   
052646   
052647   
052648   
052649   
052650   
052651   
052652   
052653   
052654   
052655   
052656   
052657   
052658   
052659   
052700   
052701   
052702   
052703   
052704   
052705   
052706   
052707   
052708   
052709   
052710   
052711   
052712   
052713   
052714   
052715   
052716   
052717   
052718   
052719   
052720   
052721   
052722   
052723   
052724   
052725   
052726   
052727   
052728   
052729   
052730   
052731   
052732   
052733   
052734   
052735   
052736   
052737   
052738   
052739   
052740   
052741   
052742   
052743   
052744   
052745   
052746   
052747   
052748   
052749   
052750   
052751   
052752   
052753   
052754   
052755   
052756   
052757   
052758   
052759   
052800   
052801   
052802   
052803   
052804   
052805   
052806   
052807   
052808   
052809   
052810   
052811   
052812   
052813   
052814   
052815   
052816   
052817   
052818   
052819   
052820   
052821   
052822   
052823   
052824   
052825   
052826   
052827   
052828   
052829   
052830   
052831   
052832   
052833   
052834   
052835   
052836   
052837   
052838   
052839   
052840   
052841   
052842   
052843   
052844   
052845   
052846   
052847   
052848   
052849   
052850   
052851   
052852   
052853   
052854   
052855   
052856   
052857   
052858   
052859   
052900   
052901   
052902   
052903   
052904   
052905   
052906   
052907   
052908   
052909   
052910   
052911   
052912   
052913   
052914   
052915   
052916   
052917   
052918   
052919   
052920   
052921   
052922   
052923   
052924   
052925   
052926   
052927   
052928   
052929   
052930   
052931   
052932   
052933   
052934   
052935   
052936   
052937   
052938   
052939   
052940   
052941   
052942   
052943   
052944   
052945   
052946   
052947   
052948   
052949   
052950   
052951   
052952   
052953   
052954   
052955   
052956   
052957   
052958   
052959   
053000   
053001   
053002   
053003   
053004   
053005   
053006   
053007   
053008   
053009   
053010   
053011   
053012   
053013   
053014   
053015   
053016   
053017   
053018   
053019   
053020   
053021   
053022   
053023   
053024   
053025   
053026   
053027   
053028   
053029   
053030   
053031   
053032   
053033   
053034   
053035   
053036   
053037   
053038   
053039   
053040   
053041   
053042   
053043   
053044   
053045   
053046   
053047   
053048   
053049   
053050   
053051   
053052   
053053   
053054   
053055   
053056   
053057   
053058   
053059   
053100   
053101   
053102   
053103   
053104   
053105   
053106   
053107   
053108   
053109   
053110   
053111   
053112   
053113   
053114   
053115   
053116   
053117   
053118   
053119   
053120   
053121   
053122   
053123   
053124   
053125   
053126   
053127   
053128   
053129   
053130   
053131   
053132   
053133   
053134   
053135   
053136   
053137   
053138   
053139   
053140   
053141   
053142   
053143   
053144   
053145   
053146   
053147   
053148   
053149   
053150   
053151   
053152   
053153   
053154   
053155   
053156   
053157   
053158   
053159   
053200   
053201   
053202   
053203   
053204   
053205   
053206   
053207   
053208   
053209   
053210   
053211   
053212   
053213   
053214   
053215   
053216   
053217   
053218   
053219   
053220   
053221   
053222   
053223   
053224   
053225   
053226   
053227   
053228   
053229   
053230   
053231   
053232   
053233   
053234   
053235   
053236   
053237   
053238   
053239   
053240   
053241   
053242   
053243   
053244   
053245   
053246   
053247   
053248   
053249   
053250   
053251   
053252   
053253   
053254   
053255   
053256   
053257   
053258   
053259   
053300   
053301   
053302   
053303   
053304   
053305   
053306   
053307   
053308   
053309   
053310   
053311   
053312   
053313   
053314   
053315   
053316   
053317   
053318   
053319   
053320   
053321   
053322   
053323   
053324   
053325   
053326   
053327   
053328   
053329   
053330   
053331   
053332   
053333   
053334   
053335   
053336   
053337   
053338   
053339   
053340   
053341   
053342   
053343   
053344   
053345   
053346   
053347   
053348   
053349   
053350   
053351   
053352   
053353   
053354   
053355   
053356   
053357   
053358   
053359   
053400   
053401   
053402   
053403   
053404   
053405   
053406   
053407   
053408   
053409   
053410   
053411   
053412   
053413   
053414   
053415   
053416   
053417   
053418   
053419   
053420   
053421   
053422   
053423   
053424   
053425   
053426   
053427   
053428   
053429   
053430   
053431   
053432   
053433   
053434   
053435   
053436   
053437   
053438   
053439   
053440   
053441   
053442   
053443   
053444   
053445   
053446   
053447   
053448   
053449   
053450   
053451   
053452   
053453   
053454   
053455   
053456   
053457   
053458   
053459   
053500   
053501   
053502   
053503   
053504   
053505   
053506   
053507   
053508   
053509   
053510   
053511   
053512   
053513   
053514   
053515   
053516   
053517   
053518   
053519   
053520   
053521   
053522   
053523   
053524   
053525   
053526   
053527   
053528   
053529   
053530   
053531   
053532   
053533   
053534   
053535   
053536   
053537   
053538   
053539   
053540   
053541   
053542   
053543   
053544   
053545   
053546   
053547   
053548   
053549   
053550   
053551   
053552   
053553   
053554   
053555   
053556   
053557   
053558   
053559   
053600   
053601   
053602   
053603   
053604   
053605   
053606   
053607   
053608   
053609   
053610   
053611   
053612   
053613   
053614   
053615   
053616   
053617   
053618   
053619   
053620   
053621   
053622   
053623   
053624   
053625   
053626   
053627   
053628   
053629   
053630   
053631   
053632   
053633   
053634   
053635   
053636   
053637   
053638   
053639   
053640   
053641   
053642   
053643   
053644   
053645   
053646   
053647   
053648   
053649   
053650   
053651   
053652   
053653   
053654   
053655   
053656   
053657   
053658   
053659   
053700   
053701   
053702   
053703   
053704   
053705   
053706   
053707   
053708   
053709   
053710   
053711   
053712   
053713   
053714   
053715   
053716   
053717   
053718   
053719   
053720   
053721   
053722   
053723   
053724   
053725   
053726   
053727   
053728   
053729   
053730   
053731   
053732   
053733   
053734   
053735   
053736   
053737   
053738   
053739   
053740   
053741   
053742   
053743   
053744   
053745   
053746   
053747   
053748   
053749   
053750   
053751   
053752   
053753   
053754   
053755   
053756   
053757   
053758   
053759   
053800   
053801   
053802   
053803   
053804   
053805   
053806   
053807   
053808   
053809   
053810   
053811   
053812   
053813   
053814   
053815   
053816   
053817   
053818   
053819   
053820   
053821   
053822   
053823   
053824   
053825   
053826   
053827   
053828   
053829   
053830   
053831   
053832   
053833   
053834   
053835   
053836   
053837   
053838   
053839   
053840   
053841   
053842   
053843   
053844   
053845   
053846   
053847   
053848   
053849   
053850   
053851   
053852   
053853   
053854   
053855   
053856   
053857   
053858   
053859   
053900   
053901   
053902   
053903   
053904   
053905   
053906   
053907   
053908   
053909   
053910   
053911   
053912   
053913   
053914   
053915   
053916   
053917   
053918   
053919   
053920   
053921   
053922   
053923   
053924   
053925   
053926   
053927   
053928   
053929   
053930   
053931   
053932   
053933   
053934   
053935   
053936   
053937   
053938   
053939   
053940   
053941   
053942   
053943   
053944   
053945   
053946   
053947   
053948   
053949   
053950   
053951   
053952   
053953   
053954   
053955   
053956   
053957   
053958   
053959   
054000   
054001   
054002   
054003   
054004   
054005   
054006   
054007   
054008   
054009   
054010   
054011   
054012   
054013   
054014   
054015   
054016   
054017   
054018   
054019   
054020   
054021   
054022   
054023   
054024   
054025   
054026   
054027   
054028   
054029   
054030   
054031   
054032   
054033   
054034   
054035   
054036   
054037   
054038   
054039   
054040   
054041   
054042   
054043   
054044   
054045   
054046   
054047   
054048   
054049   
054050   
054051   
054052   
054053   
054054   
054055   
054056   
054057   
054058   
054059   
054100   
054101   
054102   
054103   
054104   
054105   
054106   
054107   
054108   
054109   
054110   
054111   
054112   
054113   
054114   
054115   
054116   
054117   
054118   
054119   
054120   
054121   
054122   
054123   
054124   
054125   
054126   
054127   
054128   
054129   
054130   
054131   
054132   
054133   
054134   
054135   
054136   
054137   
054138   
054139   
054140   
054141   
054142   
054143   
054144   
054145   
054146   
054147   
054148   
054149   
054150   
054151   
054152   
054153   
054154   
054155   
054156   
054157   
054158   
054159   
054200   
054201   
054202   
054203   
054204   
054205   
054206   
054207   
054208   
054209   
054210   
054211   
054212   
054213   
054214   
054215   
054216   
054217   
054218   
054219   
054220   
054221   
054222   
054223   
054224   
054225   
054226   
054227   
054228   
054229   
054230   
054231   
054232   
054233   
054234   
054235   
054236   
054237   
054238   
054239   
054240   
054241   
054242   
054243   
054244   
054245   
054246   
054247   
054248   
054249   
054250   
054251   
054252   
054253   
054254   
054255   
054256   
054257   
054258   
054259   
054300   
054301   
054302   
054303   
054304   
054305   
054306   
054307   
054308   
054309   
054310   
054311   
054312   
054313   
054314   
054315   
054316   
054317   
054318   
054319   
054320   
054321   
054322   
054323   
054324   
054325   
054326   
054327   
054328   
054329   
054330   
054331   
054332   
054333   
054334   
054335   
054336   
054337   
054338   
054339   
054340   
054341   
054342   
054343   
054344   
054345   
054346   
054347   
054348   
054349   
054350   
054351   
054352   
054353   
054354   
054355   
054356   
054357   
054358   
054359   
054400   
054401   
054402   
054403   
054404   
054405   
054406   
054407   
054408   
054409   
054410   
054411   
054412   
054413   
054414   
054415   
054416   
054417   
054418   
054419   
054420   
054421   
054422   
054423   
054424   
054425   
054426   
054427   
054428   
054429   
054430   
054431   
054432   
054433   
054434   
054435   
054436   
054437   
054438   
054439   
054440   
054441   
054442   
054443   
054444   
054445   
054446   
054447   
054448   
054449   
054450   
054451   
054452   
054453   
054454   
054455   
054456   
054457   
054458   
054459   
054500   
054501   
054502   
054503   
054504   
054505   
054506   
054507   
054508   
054509   
054510   
054511   
054512   
054513   
054514   
054515   
054516   
054517   
054518   
054519   
054520   
054521   
054522   
054523   
054524   
054525   
054526   
054527   
054528   
054529   
054530   
054531   
054532   
054533   
054534   
054535   
054536   
054537   
054538   
054539   
054540   
054541   
054542   
054543   
054544   
054545   
054546   
054547   
054548   
054549   
054550   
054551   
054552   
054553   
054554   
054555   
054556   
054557   
054558   
054559   
054600   
054601   
054602   
054603   
054604   
054605   
054606   
054607   
054608   
054609   
054610   
054611   
054612   
054613   
054614   
054615   
054616   
054617   
054618   
054619   
054620   
054621   
054622   
054623   
054624   
054625   
054626   
054627   
054628   
054629   
054630   
054631   
054632   
054633   
054634   
054635   
054636   
054637   
054638   
054639   
054640   
054641   
054642   
054643   
054644   
054645   
054646   
054647   
054648   
054649   
054650   
054651   
054652   
054653   
054654   
054655   
054656   
054657   
054658   
054659   
054700   
054701   
054702   
054703   
054704   
054705   
054706   
054707   
054708   
054709   
054710   
054711   
054712   
054713   
054714   
054715   
054716   
054717   
054718   
054719   
054720   
054721   
054722   
054723   
054724   
054725   
054726   
054727   
054728   
054729   
054730   
054731   
054732   
054733   
054734   
054735   
054736   
054737   
054738   
054739   
054740   
054741   
054742   
054743   
054744   
054745   
054746   
054747   
054748   
054749   
054750   
054751   
054752   
054753   
054754   
054755   
054756   
054757   
054758   
054759   
054800   
054801   
054802   
054803   
054804   
054805   
054806   
054807   
054808   
054809   
054810   
054811   
054812   
054813   
054814   
054815   
054816   
054817   
054818   
054819   
054820   
054821   
054822   
054823   
054824   
054825   
054826   
054827   
054828   
054829   
054830   
054831   
054832   
054833   
054834   
054835   
054836   
054837   
054838   
054839   
054840   
054841   
054842   
054843   
054844   
054845   
054846   
054847   
054848   
054849   
054850   
054851   
054852   
054853   
054854   
054855   
054856   
054857   
054858   
054859   
054900   
054901   
054902   
054903   
054904   
054905   
054906   
054907   
054908   
054909   
054910   
054911   
054912   
054913   
054914   
054915   
054916   
054917   
054918   
054919   
054920   
054921   
054922   
054923   
054924   
054925   
054926   
054927   
054928   
054929   
054930   
054931   
054932   
054933   
054934   
054935   
054936   
054937   
054938   
054939   
054940   
054941   
054942   
054943   
054944   
054945   
054946   
054947   
054948   
054949   
054950   
054951   
054952   
054953   
054954   
054955   
054956   
054957   
054958   
054959   
055000   
055001   
055002   
055003   
055004   
055005   
055006   
055007   
055008   
055009   
055010   
055011   
055012   
055013   
055014   
055015   
055016   
055017   
055018   
055019   
055020   
055021   
055022   
055023   
055024   
055025   
055026   
055027   
055028   
055029   
055030   
055031   
055032   
055033   
055034   
055035   
055036   
055037   
055038   
055039   
055040   
055041   
055042   
055043   
055044   
055045   
055046   
055047   
055048   
055049   
055050   
055051   
055052   
055053   
055054   
055055   
055056   
055057   
055058   
055059   
055100   
055101   
055102   
055103   
055104   
055105   
055106   
055107   
055108   
055109   
055110   
055111   
055112   
055113   
055114   
055115   
055116   
055117   
055118   
055119   
055120   
055121   
055122   
055123   
055124   
055125   
055126   
055127   
055128   
055129   
055130   
055131   
055132   
055133   
055134   
055135   
055136   
055137   
055138   
055139   
055140   
055141   
055142   
055143   
055144   
055145   
055146   
055147   
055148   
055149   
055150   
055151   
055152   
055153   
055154   
055155   
055156   
055157   
055158   
055159   
055200   
055201   
055202   
055203   
055204   
055205   
055206   
055207   
055208   
055209   
055210   
055211   
055212   
055213   
055214   
055215   
055216   
055217   
055218   
055219   
055220   
055221   
055222   
055223   
055224   
055225   
055226   
055227   
055228   
055229   
055230   
055231   
055232   
055233   
055234   
055235   
055236   
055237   
055238   
055239   
055240   
055241   
055242   
055243   
055244   
055245   
055246   
055247   
055248   
055249   
055250   
055251   
055252   
055253   
055254   
055255   
055256   
055257   
055258   
055259   
055300   
055301   
055302   
055303   
055304   
055305   
055306   
055307   
055308   
055309   
055310   
055311   
055312   
055313   
055314   
055315   
055316   
055317   
055318   
055319   
055320   
055321   
055322   
055323   
055324   
055325   
055326   
055327   
055328   
055329   
055330   
055331   
055332   
055333   
055334   
055335   
055336   
055337   
055338   
055339   
055340   
055341   
055342   
055343   
055344   
055345   
055346   
055347   
055348   
055349   
055350   
055351   
055352   
055353   
055354   
055355   
055356   
055357   
055358   
055359   
055400   
055401   
055402   
055403   
055404   
055405   
055406   
055407   
055408   
055409   
055410   
055411   
055412   
055413   
055414   
055415   
055416   
055417   
055418   
055419   
055420   
055421   
055422   
055423   
055424   
055425   
055426   
055427   
055428   
055429   
055430   
055431   
055432   
055433   
055434   
055435   
055436   
055437   
055438   
055439   
055440   
055441   
055442   
055443   
055444   
055445   
055446   
055447   
055448   
055449   
055450   
055451   
055452   
055453   
055454   
055455   
055456   
055457   
055458   
055459   
055500   
055501   
055502   
055503   
055504   
055505   
055506   
055507   
055508   
055509   
055510   
055511   
055512   
055513   
055514   
055515   
055516   
055517   
055518   
055519   
055520   
055521   
055522   
055523   
055524   
055525   
055526   
055527   
055528   
055529   
055530   
055531   
055532   
055533   
055534   
055535   
055536   
055537   
055538   
055539   
055540   
055541   
055542   
055543   
055544   
055545   
055546   
055547   
055548   
055549   
055550   
055551   
055552   
055553   
055554   
055555   
055556   
055557   
055558   
055559   
055600   
055601   
055602   
055603   
055604   
055605   
055606   
055607   
055608   
055609   
055610   
055611   
055612   
055613   
055614   
055615   
055616   
055617   
055618   
055619   
055620   
055621   
055622   
055623   
055624   
055625   
055626   
055627   
055628   
055629   
055630   
055631   
055632   
055633   
055634   
055635   
055636   
055637   
055638   
055639   
055640   
055641   
055642   
055643   
055644   
055645   
055646   
055647   
055648   
055649   
055650   
055651   
055652   
055653   
055654   
055655   
055656   
055657   
055658   
055659   
055700   
055701   
055702   
055703   
055704   
055705   
055706   
055707   
055708   
055709   
055710   
055711   
055712   
055713   
055714   
055715   
055716   
055717   
055718   
055719   
055720   
055721   
055722   
055723   
055724   
055725   
055726   
055727   
055728   
055729   
055730   
055731   
055732   
055733   
055734   
055735   
055736   
055737   
055738   
055739   
055740   
055741   
055742   
055743   
055744   
055745   
055746   
055747   
055748   
055749   
055750   
055751   
055752   
055753   
055754   
055755   
055756   
055757   
055758   
055759   
055800   
055801   
055802   
055803   
055804   
055805   
055806   
055807   
055808   
055809   
055810   
055811   
055812   
055813   
055814   
055815   
055816   
055817   
055818   
055819   
055820   
055821   
055822   
055823   
055824   
055825   
055826   
055827   
055828   
055829   
055830   
055831   
055832   
055833   
055834   
055835   
055836   
055837   
055838   
055839   
055840   
055841   
055842   
055843   
055844   
055845   
055846   
055847   
055848   
055849   
055850   
055851   
055852   
055853   
055854   
055855   
055856   
055857   
055858   
055859   
055900   
055901   
055902   
055903   
055904   
055905   
055906   
055907   
055908   
055909   
055910   
055911   
055912   
055913   
055914   
055915   
055916   
055917   
055918   
055919   
055920   
055921   
055922   
055923   
055924   
055925   
055926   
055927   
055928   
055929   
055930   
055931   
055932   
055933   
055934   
055935   
055936   
055937   
055938   
055939   
055940   
055941   
055942   
055943   
055944   
055945   
055946   
055947   
055948   
055949   
055950   
055951   
055952   
055953   
055954   
055955   
055956   
055957   
055958   
055959   
