060000   
060001   
060002   
060003   
060004   
060005   
060006   
060007   
060008   
060009   
060010   
060011   
060012   
060013   
060014   
060015   
060016   
060017   
060018   
060019   
060020   
060021   
060022   
060023   
060024   
060025   
060026   
060027   
060028   
060029   
060030   
060031   
060032   
060033   
060034   
060035   
060036   
060037   
060038   
060039   
060040   
060041   
060042   
060043   
060044   
060045   
060046   
060047   
060048   
060049   
060050   
060051   
060052   
060053   
060054   
060055   
060056   
060057   
060058   
060059   
060100   
060101   
060102   
060103   
060104   
060105   
060106   
060107   
060108   
060109   
060110   
060111   
060112   
060113   
060114   
060115   
060116   
060117   
060118   
060119   
060120   
060121   
060122   
060123   
060124   
060125   
060126   
060127   
060128   
060129   
060130   
060131   
060132   
060133   
060134   
060135   
060136   
060137   
060138   
060139   
060140   
060141   
060142   
060143   
060144   
060145   
060146   
060147   
060148   
060149   
060150   
060151   
060152   
060153   
060154   
060155   
060156   
060157   
060158   
060159   
060200   
060201   
060202   
060203   
060204   
060205   
060206   
060207   
060208   
060209   
060210   
060211   
060212   
060213   
060214   
060215   
060216   
060217   
060218   
060219   
060220   
060221   
060222   
060223   
060224   
060225   
060226   
060227   
060228   
060229   
060230   
060231   
060232   
060233   
060234   
060235   
060236   
060237   
060238   
060239   
060240   
060241   
060242   
060243   
060244   
060245   
060246   
060247   
060248   
060249   
060250   
060251   
060252   
060253   
060254   
060255   
060256   
060257   
060258   
060259   
060300   
060301   
060302   
060303   
060304   
060305   
060306   
060307   
060308   
060309   
060310   
060311   
060312   
060313   
060314   
060315   
060316   
060317   
060318   
060319   
060320   
060321   
060322   
060323   
060324   
060325   
060326   
060327   
060328   
060329   
060330   
060331   
060332   
060333   
060334   
060335   
060336   
060337   
060338   
060339   
060340   
060341   
060342   
060343   
060344   
060345   
060346   
060347   
060348   
060349   
060350   
060351   
060352   
060353   
060354   
060355   
060356   
060357   
060358   
060359   
060400   
060401   
060402   
060403   
060404   
060405   
060406   
060407   
060408   
060409   
060410   
060411   
060412   
060413   
060414   
060415   
060416   
060417   
060418   
060419   
060420   
060421   
060422   
060423   
060424   
060425   
060426   
060427   
060428   
060429   
060430   
060431   
060432   
060433   
060434   
060435   
060436   
060437   
060438   
060439   
060440   
060441   
060442   
060443   
060444   
060445   
060446   
060447   
060448   
060449   
060450   
060451   
060452   
060453   
060454   
060455   
060456   
060457   
060458   
060459   
060500   
060501   
060502   
060503   
060504   
060505   
060506   
060507   
060508   
060509   
060510   
060511   
060512   
060513   
060514   
060515   
060516   
060517   
060518   
060519   
060520   
060521   
060522   
060523   
060524   
060525   
060526   
060527   
060528   
060529   
060530   
060531   
060532   
060533   
060534   
060535   
060536   
060537   
060538   
060539   
060540   
060541   
060542   
060543   
060544   
060545   
060546   
060547   
060548   
060549   
060550   
060551   
060552   
060553   
060554   
060555   
060556   
060557   
060558   
060559   
060600   
060601   
060602   
060603   
060604   
060605   
060606   
060607   
060608   
060609   
060610   
060611   
060612   
060613   
060614   
060615   
060616   
060617   
060618   
060619   
060620   
060621   
060622   
060623   
060624   
060625   
060626   
060627   
060628   
060629   
060630   
060631   
060632   
060633   
060634   
060635   
060636   
060637   
060638   
060639   
060640   
060641   
060642   
060643   
060644   
060645   
060646   
060647   
060648   
060649   
060650   
060651   
060652   
060653   
060654   
060655   
060656   
060657   
060658   
060659   
060700   
060701   
060702   
060703   
060704   
060705   
060706   
060707   
060708   
060709   
060710   
060711   
060712   
060713   
060714   
060715   
060716   
060717   
060718   
060719   
060720   
060721   
060722   
060723   
060724   
060725   
060726   
060727   
060728   
060729   
060730   
060731   
060732   
060733   
060734   
060735   
060736   
060737   
060738   
060739   
060740   
060741   
060742   
060743   
060744   
060745   
060746   
060747   
060748   
060749   
060750   
060751   
060752   
060753   
060754   
060755   
060756   
060757   
060758   
060759   
060800   
060801   
060802   
060803   
060804   
060805   
060806   
060807   
060808   
060809   
060810   
060811   
060812   
060813   
060814   
060815   
060816   
060817   
060818   
060819   
060820   
060821   
060822   
060823   
060824   
060825   
060826   
060827   
060828   
060829   
060830   
060831   
060832   
060833   
060834   
060835   
060836   
060837   
060838   
060839   
060840   
060841   
060842   
060843   
060844   
060845   
060846   
060847   
060848   
060849   
060850   
060851   
060852   
060853   
060854   
060855   
060856   
060857   
060858   
060859   
060900   
060901   
060902   
060903   
060904   
060905   
060906   
060907   
060908   
060909   
060910   
060911   
060912   
060913   
060914   
060915   
060916   
060917   
060918   
060919   
060920   
060921   
060922   
060923   
060924   
060925   
060926   
060927   
060928   
060929   
060930   
060931   
060932   
060933   
060934   
060935   
060936   
060937   
060938   
060939   
060940   
060941   
060942   
060943   
060944   
060945   
060946   
060947   
060948   
060949   
060950   
060951   
060952   
060953   
060954   
060955   
060956   
060957   
060958   
060959   
061000   
061001   
061002   
061003   
061004   
061005   
061006   
061007   
061008   
061009   
061010   
061011   
061012   
061013   
061014   
061015   
061016   
061017   
061018   
061019   
061020   
061021   
061022   
061023   
061024   
061025   
061026   
061027   
061028   
061029   
061030   
061031   
061032   
061033   
061034   
061035   
061036   
061037   
061038   
061039   
061040   
061041   
061042   
061043   
061044   
061045   
061046   
061047   
061048   
061049   
061050   
061051   
061052   
061053   
061054   
061055   
061056   
061057   
061058   
061059   
061100   
061101   
061102   
061103   
061104   
061105   
061106   
061107   
061108   
061109   
061110   
061111   
061112   
061113   
061114   
061115   
061116   
061117   
061118   
061119   
061120   
061121   
061122   
061123   
061124   
061125   
061126   
061127   
061128   
061129   
061130   
061131   
061132   
061133   
061134   
061135   
061136   
061137   
061138   
061139   
061140   
061141   
061142   
061143   
061144   
061145   
061146   
061147   
061148   
061149   
061150   
061151   
061152   
061153   
061154   
061155   
061156   
061157   
061158   
061159   
061200   
061201   
061202   
061203   
061204   
061205   
061206   
061207   
061208   
061209   
061210   
061211   
061212   
061213   
061214   
061215   
061216   
061217   
061218   
061219   
061220   
061221   
061222   
061223   
061224   
061225   
061226   
061227   
061228   
061229   
061230   
061231   
061232   
061233   
061234   
061235   
061236   
061237   
061238   
061239   
061240   
061241   
061242   
061243   
061244   
061245   
061246   
061247   
061248   
061249   
061250   
061251   
061252   
061253   
061254   
061255   
061256   
061257   
061258   
061259   
061300   
061301   
061302   
061303   
061304   
061305   
061306   
061307   
061308   
061309   
061310   
061311   
061312   
061313   
061314   
061315   
061316   
061317   
061318   
061319   
061320   
061321   
061322   
061323   
061324   
061325   
061326   
061327   
061328   
061329   
061330   
061331   
061332   
061333   
061334   
061335   
061336   
061337   
061338   
061339   
061340   
061341   
061342   
061343   
061344   
061345   
061346   
061347   
061348   
061349   
061350   
061351   
061352   
061353   
061354   
061355   
061356   
061357   
061358   
061359   
061400   
061401   
061402   
061403   
061404   
061405   
061406   
061407   
061408   
061409   
061410   
061411   
061412   
061413   
061414   
061415   
061416   
061417   
061418   
061419   
061420   
061421   
061422   
061423   
061424   
061425   
061426   
061427   
061428   
061429   
061430   
061431   
061432   
061433   
061434   
061435   
061436   
061437   
061438   
061439   
061440   
061441   
061442   
061443   
061444   
061445   
061446   
061447   
061448   
061449   
061450   
061451   
061452   
061453   
061454   
061455   
061456   
061457   
061458   
061459   
061500   
061501   
061502   
061503   
061504   
061505   
061506   
061507   
061508   
061509   
061510   
061511   
061512   
061513   
061514   
061515   
061516   
061517   
061518   
061519   
061520   
061521   
061522   
061523   
061524   
061525   
061526   
061527   
061528   
061529   
061530   
061531   
061532   
061533   
061534   
061535   
061536   
061537   
061538   
061539   
061540   
061541   
061542   
061543   
061544   
061545   
061546   
061547   
061548   
061549   
061550   
061551   
061552   
061553   
061554   
061555   
061556   
061557   
061558   
061559   
061600   
061601   
061602   
061603   
061604   
061605   
061606   
061607   
061608   
061609   
061610   
061611   
061612   
061613   
061614   
061615   
061616   
061617   
061618   
061619   
061620   
061621   
061622   
061623   
061624   
061625   
061626   
061627   
061628   
061629   
061630   
061631   
061632   
061633   
061634   
061635   
061636   
061637   
061638   
061639   
061640   
061641   
061642   
061643   
061644   
061645   
061646   
061647   
061648   
061649   
061650   
061651   
061652   
061653   
061654   
061655   
061656   
061657   
061658   
061659   
061700   
061701   
061702   
061703   
061704   
061705   
061706   
061707   
061708   
061709   
061710   
061711   
061712   
061713   
061714   
061715   
061716   
061717   
061718   
061719   
061720   
061721   
061722   
061723   
061724   
061725   
061726   
061727   
061728   
061729   
061730   
061731   
061732   
061733   
061734   
061735   
061736   
061737   
061738   
061739   
061740   
061741   
061742   
061743   
061744   
061745   
061746   
061747   
061748   
061749   
061750   
061751   
061752   
061753   
061754   
061755   
061756   
061757   
061758   
061759   
061800   
061801   
061802   
061803   
061804   
061805   
061806   
061807   
061808   
061809   
061810   
061811   
061812   
061813   
061814   
061815   
061816   
061817   
061818   
061819   
061820   
061821   
061822   
061823   
061824   
061825   
061826   
061827   
061828   
061829   
061830   
061831   
061832   
061833   
061834   
061835   
061836   
061837   
061838   
061839   
061840   
061841   
061842   
061843   
061844   
061845   
061846   
061847   
061848   
061849   
061850   
061851   
061852   
061853   
061854   
061855   
061856   
061857   
061858   
061859   
061900   
061901   
061902   
061903   
061904   
061905   
061906   
061907   
061908   
061909   
061910   
061911   
061912   
061913   
061914   
061915   
061916   
061917   
061918   
061919   
061920   
061921   
061922   
061923   
061924   
061925   
061926   
061927   
061928   
061929   
061930   
061931   
061932   
061933   
061934   
061935   
061936   
061937   
061938   
061939   
061940   
061941   
061942   
061943   
061944   
061945   
061946   
061947   
061948   
061949   
061950   
061951   
061952   
061953   
061954   
061955   
061956   
061957   
061958   
061959   
062000   
062001   
062002   
062003   
062004   
062005   
062006   
062007   
062008   
062009   
062010   
062011   
062012   
062013   
062014   
062015   
062016   
062017   
062018   
062019   
062020   
062021   
062022   
062023   
062024   
062025   
062026   
062027   
062028   
062029   
062030   
062031   
062032   
062033   
062034   
062035   
062036   
062037   
062038   
062039   
062040   
062041   
062042   
062043   
062044   
062045   
062046   
062047   
062048   
062049   
062050   
062051   
062052   
062053   
062054   
062055   
062056   
062057   
062058   
062059   
062100   
062101   
062102   
062103   
062104   
062105   
062106   
062107   
062108   
062109   
062110   
062111   
062112   
062113   
062114   
062115   
062116   
062117   
062118   
062119   
062120   
062121   
062122   
062123   
062124   
062125   
062126   
062127   
062128   
062129   
062130   
062131   
062132   
062133   
062134   
062135   
062136   
062137   
062138   
062139   
062140   
062141   
062142   
062143   
062144   
062145   
062146   
062147   
062148   
062149   
062150   
062151   
062152   
062153   
062154   
062155   
062156   
062157   
062158   
062159   
062200   
062201   
062202   
062203   
062204   
062205   
062206   
062207   
062208   
062209   
062210   
062211   
062212   
062213   
062214   
062215   
062216   
062217   
062218   
062219   
062220   
062221   
062222   
062223   
062224   
062225   
062226   
062227   
062228   
062229   
062230   
062231   
062232   
062233   
062234   
062235   
062236   
062237   
062238   
062239   
062240   
062241   
062242   
062243   
062244   
062245   
062246   
062247   
062248   
062249   
062250   
062251   
062252   
062253   
062254   
062255   
062256   
062257   
062258   
062259   
062300   
062301   
062302   
062303   
062304   
062305   
062306   
062307   
062308   
062309   
062310   
062311   
062312   
062313   
062314   
062315   
062316   
062317   
062318   
062319   
062320   
062321   
062322   
062323   
062324   
062325   
062326   
062327   
062328   
062329   
062330   
062331   
062332   
062333   
062334   
062335   
062336   
062337   
062338   
062339   
062340   
062341   
062342   
062343   
062344   
062345   
062346   
062347   
062348   
062349   
062350   
062351   
062352   
062353   
062354   
062355   
062356   
062357   
062358   
062359   
062400   
062401   
062402   
062403   
062404   
062405   
062406   
062407   
062408   
062409   
062410   
062411   
062412   
062413   
062414   
062415   
062416   
062417   
062418   
062419   
062420   
062421   
062422   
062423   
062424   
062425   
062426   
062427   
062428   
062429   
062430   
062431   
062432   
062433   
062434   
062435   
062436   
062437   
062438   
062439   
062440   
062441   
062442   
062443   
062444   
062445   
062446   
062447   
062448   
062449   
062450   
062451   
062452   
062453   
062454   
062455   
062456   
062457   
062458   
062459   
062500   
062501   
062502   
062503   
062504   
062505   
062506   
062507   
062508   
062509   
062510   
062511   
062512   
062513   
062514   
062515   
062516   
062517   
062518   
062519   
062520   
062521   
062522   
062523   
062524   
062525   
062526   
062527   
062528   
062529   
062530   
062531   
062532   
062533   
062534   
062535   
062536   
062537   
062538   
062539   
062540   
062541   
062542   
062543   
062544   
062545   
062546   
062547   
062548   
062549   
062550   
062551   
062552   
062553   
062554   
062555   
062556   
062557   
062558   
062559   
062600   
062601   
062602   
062603   
062604   
062605   
062606   
062607   
062608   
062609   
062610   
062611   
062612   
062613   
062614   
062615   
062616   
062617   
062618   
062619   
062620   
062621   
062622   
062623   
062624   
062625   
062626   
062627   
062628   
062629   
062630   
062631   
062632   
062633   
062634   
062635   
062636   
062637   
062638   
062639   
062640   
062641   
062642   
062643   
062644   
062645   
062646   
062647   
062648   
062649   
062650   
062651   
062652   
062653   
062654   
062655   
062656   
062657   
062658   
062659   
062700   
062701   
062702   
062703   
062704   
062705   
062706   
062707   
062708   
062709   
062710   
062711   
062712   
062713   
062714   
062715   
062716   
062717   
062718   
062719   
062720   
062721   
062722   
062723   
062724   
062725   
062726   
062727   
062728   
062729   
062730   
062731   
062732   
062733   
062734   
062735   
062736   
062737   
062738   
062739   
062740   
062741   
062742   
062743   
062744   
062745   
062746   
062747   
062748   
062749   
062750   
062751   
062752   
062753   
062754   
062755   
062756   
062757   
062758   
062759   
062800   
062801   
062802   
062803   
062804   
062805   
062806   
062807   
062808   
062809   
062810   
062811   
062812   
062813   
062814   
062815   
062816   
062817   
062818   
062819   
062820   
062821   
062822   
062823   
062824   
062825   
062826   
062827   
062828   
062829   
062830   
062831   
062832   
062833   
062834   
062835   
062836   
062837   
062838   
062839   
062840   
062841   
062842   
062843   
062844   
062845   
062846   
062847   
062848   
062849   
062850   
062851   
062852   
062853   
062854   
062855   
062856   
062857   
062858   
062859   
062900   
062901   
062902   
062903   
062904   
062905   
062906   
062907   
062908   
062909   
062910   
062911   
062912   
062913   
062914   
062915   
062916   
062917   
062918   
062919   
062920   
062921   
062922   
062923   
062924   
062925   
062926   
062927   
062928   
062929   
062930   
062931   
062932   
062933   
062934   
062935   
062936   
062937   
062938   
062939   
062940   
062941   
062942   
062943   
062944   
062945   
062946   
062947   
062948   
062949   
062950   
062951   
062952   
062953   
062954   
062955   
062956   
062957   
062958   
062959   
063000   
063001   
063002   
063003   
063004   
063005   
063006   
063007   
063008   
063009   
063010   
063011   
063012   
063013   
063014   
063015   
063016   
063017   
063018   
063019   
063020   
063021   
063022   
063023   
063024   
063025   
063026   
063027   
063028   
063029   
063030   
063031   
063032   
063033   
063034   
063035   
063036   
063037   
063038   
063039   
063040   
063041   
063042   
063043   
063044   
063045   
063046   
063047   
063048   
063049   
063050   
063051   
063052   
063053   
063054   
063055   
063056   
063057   
063058   
063059   
063100   
063101   
063102   
063103   
063104   
063105   
063106   
063107   
063108   
063109   
063110   
063111   
063112   
063113   
063114   
063115   
063116   
063117   
063118   
063119   
063120   
063121   
063122   
063123   
063124   
063125   
063126   
063127   
063128   
063129   
063130   
063131   
063132   
063133   
063134   
063135   
063136   
063137   
063138   
063139   
063140   
063141   
063142   
063143   
063144   
063145   
063146   
063147   
063148   
063149   
063150   
063151   
063152   
063153   
063154   
063155   
063156   
063157   
063158   
063159   
063200   
063201   
063202   
063203   
063204   
063205   
063206   
063207   
063208   
063209   
063210   
063211   
063212   
063213   
063214   
063215   
063216   
063217   
063218   
063219   
063220   
063221   
063222   
063223   
063224   
063225   
063226   
063227   
063228   
063229   
063230   
063231   
063232   
063233   
063234   
063235   
063236   
063237   
063238   
063239   
063240   
063241   
063242   
063243   
063244   
063245   
063246   
063247   
063248   
063249   
063250   
063251   
063252   
063253   
063254   
063255   
063256   
063257   
063258   
063259   
063300   
063301   
063302   
063303   
063304   
063305   
063306   
063307   
063308   
063309   
063310   
063311   
063312   
063313   
063314   
063315   
063316   
063317   
063318   
063319   
063320   
063321   
063322   
063323   
063324   
063325   
063326   
063327   
063328   
063329   
063330   
063331   
063332   
063333   
063334   
063335   
063336   
063337   
063338   
063339   
063340   
063341   
063342   
063343   
063344   
063345   
063346   
063347   
063348   
063349   
063350   
063351   
063352   
063353   
063354   
063355   
063356   
063357   
063358   
063359   
063400   
063401   
063402   
063403   
063404   
063405   
063406   
063407   
063408   
063409   
063410   
063411   
063412   
063413   
063414   
063415   
063416   
063417   
063418   
063419   
063420   
063421   
063422   
063423   
063424   
063425   
063426   
063427   
063428   
063429   
063430   
063431   
063432   
063433   
063434   
063435   
063436   
063437   
063438   
063439   
063440   
063441   
063442   
063443   
063444   
063445   
063446   
063447   
063448   
063449   
063450   
063451   
063452   
063453   
063454   
063455   
063456   
063457   
063458   
063459   
063500   
063501   
063502   
063503   
063504   
063505   
063506   
063507   
063508   
063509   
063510   
063511   
063512   
063513   
063514   
063515   
063516   
063517   
063518   
063519   
063520   
063521   
063522   
063523   
063524   
063525   
063526   
063527   
063528   
063529   
063530   
063531   
063532   
063533   
063534   
063535   
063536   
063537   
063538   
063539   
063540   
063541   
063542   
063543   
063544   
063545   
063546   
063547   
063548   
063549   
063550   
063551   
063552   
063553   
063554   
063555   
063556   
063557   
063558   
063559   
063600   
063601   
063602   
063603   
063604   
063605   
063606   
063607   
063608   
063609   
063610   
063611   
063612   
063613   
063614   
063615   
063616   
063617   
063618   
063619   
063620   
063621   
063622   
063623   
063624   
063625   
063626   
063627   
063628   
063629   
063630   
063631   
063632   
063633   
063634   
063635   
063636   
063637   
063638   
063639   
063640   
063641   
063642   
063643   
063644   
063645   
063646   
063647   
063648   
063649   
063650   
063651   
063652   
063653   
063654   
063655   
063656   
063657   
063658   
063659   
063700   
063701   
063702   
063703   
063704   
063705   
063706   
063707   
063708   
063709   
063710   
063711   
063712   
063713   
063714   
063715   
063716   
063717   
063718   
063719   
063720   
063721   
063722   
063723   
063724   
063725   
063726   
063727   
063728   
063729   
063730   
063731   
063732   
063733   
063734   
063735   
063736   
063737   
063738   
063739   
063740   
063741   
063742   
063743   
063744   
063745   
063746   
063747   
063748   
063749   
063750   
063751   
063752   
063753   
063754   
063755   
063756   
063757   
063758   
063759   
063800   
063801   
063802   
063803   
063804   
063805   
063806   
063807   
063808   
063809   
063810   
063811   
063812   
063813   
063814   
063815   
063816   
063817   
063818   
063819   
063820   
063821   
063822   
063823   
063824   
063825   
063826   
063827   
063828   
063829   
063830   
063831   
063832   
063833   
063834   
063835   
063836   
063837   
063838   
063839   
063840   
063841   
063842   
063843   
063844   
063845   
063846   
063847   
063848   
063849   
063850   
063851   
063852   
063853   
063854   
063855   
063856   
063857   
063858   
063859   
063900   
063901   
063902   
063903   
063904   
063905   
063906   
063907   
063908   
063909   
063910   
063911   
063912   
063913   
063914   
063915   
063916   
063917   
063918   
063919   
063920   
063921   
063922   
063923   
063924   
063925   
063926   
063927   
063928   
063929   
063930   
063931   
063932   
063933   
063934   
063935   
063936   
063937   
063938   
063939   
063940   
063941   
063942   
063943   
063944   
063945   
063946   
063947   
063948   
063949   
063950   
063951   
063952   
063953   
063954   
063955   
063956   
063957   
063958   
063959   
064000   
064001   
064002   
064003   
064004   
064005   
064006   
064007   
064008   
064009   
064010   
064011   
064012   
064013   
064014   
064015   
064016   
064017   
064018   
064019   
064020   
064021   
064022   
064023   
064024   
064025   
064026   
064027   
064028   
064029   
064030   
064031   
064032   
064033   
064034   
064035   
064036   
064037   
064038   
064039   
064040   
064041   
064042   
064043   
064044   
064045   
064046   
064047   
064048   
064049   
064050   
064051   
064052   
064053   
064054   
064055   
064056   
064057   
064058   
064059   
064100   
064101   
064102   
064103   
064104   
064105   
064106   
064107   
064108   
064109   
064110   
064111   
064112   
064113   
064114   
064115   
064116   
064117   
064118   
064119   
064120   
064121   
064122   
064123   
064124   
064125   
064126   
064127   
064128   
064129   
064130   
064131   
064132   
064133   
064134   
064135   
064136   
064137   
064138   
064139   
064140   
064141   
064142   
064143   
064144   
064145   
064146   
064147   
064148   
064149   
064150   
064151   
064152   
064153   
064154   
064155   
064156   
064157   
064158   
064159   
064200   
064201   
064202   
064203   
064204   
064205   
064206   
064207   
064208   
064209   
064210   
064211   
064212   
064213   
064214   
064215   
064216   
064217   
064218   
064219   
064220   
064221   
064222   
064223   
064224   
064225   
064226   
064227   
064228   
064229   
064230   
064231   
064232   
064233   
064234   
064235   
064236   
064237   
064238   
064239   
064240   
064241   
064242   
064243   
064244   
064245   
064246   
064247   
064248   
064249   
064250   
064251   
064252   
064253   
064254   
064255   
064256   
064257   
064258   
064259   
064300   
064301   
064302   
064303   
064304   
064305   
064306   
064307   
064308   
064309   
064310   
064311   
064312   
064313   
064314   
064315   
064316   
064317   
064318   
064319   
064320   
064321   
064322   
064323   
064324   
064325   
064326   
064327   
064328   
064329   
064330   
064331   
064332   
064333   
064334   
064335   
064336   
064337   
064338   
064339   
064340   
064341   
064342   
064343   
064344   
064345   
064346   
064347   
064348   
064349   
064350   
064351   
064352   
064353   
064354   
064355   
064356   
064357   
064358   
064359   
064400   
064401   
064402   
064403   
064404   
064405   
064406   
064407   
064408   
064409   
064410   
064411   
064412   
064413   
064414   
064415   
064416   
064417   
064418   
064419   
064420   
064421   
064422   
064423   
064424   
064425   
064426   
064427   
064428   
064429   
064430   
064431   
064432   
064433   
064434   
064435   
064436   
064437   
064438   
064439   
064440   
064441   
064442   
064443   
064444   
064445   
064446   
064447   
064448   
064449   
064450   
064451   
064452   
064453   
064454   
064455   
064456   
064457   
064458   
064459   
064500   
064501   
064502   
064503   
064504   
064505   
064506   
064507   
064508   
064509   
064510   
064511   
064512   
064513   
064514   
064515   
064516   
064517   
064518   
064519   
064520   
064521   
064522   
064523   
064524   
064525   
064526   
064527   
064528   
064529   
064530   
064531   
064532   
064533   
064534   
064535   
064536   
064537   
064538   
064539   
064540   
064541   
064542   
064543   
064544   
064545   
064546   
064547   
064548   
064549   
064550   
064551   
064552   
064553   
064554   
064555   
064556   
064557   
064558   
064559   
064600   
064601   
064602   
064603   
064604   
064605   
064606   
064607   
064608   
064609   
064610   
064611   
064612   
064613   
064614   
064615   
064616   
064617   
064618   
064619   
064620   
064621   
064622   
064623   
064624   
064625   
064626   
064627   
064628   
064629   
064630   
064631   
064632   
064633   
064634   
064635   
064636   
064637   
064638   
064639   
064640   
064641   
064642   
064643   
064644   
064645   
064646   
064647   
064648   
064649   
064650   
064651   
064652   
064653   
064654   
064655   
064656   
064657   
064658   
064659   
064700   
064701   
064702   
064703   
064704   
064705   
064706   
064707   
064708   
064709   
064710   
064711   
064712   
064713   
064714   
064715   
064716   
064717   
064718   
064719   
064720   
064721   
064722   
064723   
064724   
064725   
064726   
064727   
064728   
064729   
064730   
064731   
064732   
064733   
064734   
064735   
064736   
064737   
064738   
064739   
064740   
064741   
064742   
064743   
064744   
064745   
064746   
064747   
064748   
064749   
064750   
064751   
064752   
064753   
064754   
064755   
064756   
064757   
064758   
064759   
064800   
064801   
064802   
064803   
064804   
064805   
064806   
064807   
064808   
064809   
064810   
064811   
064812   
064813   
064814   
064815   
064816   
064817   
064818   
064819   
064820   
064821   
064822   
064823   
064824   
064825   
064826   
064827   
064828   
064829   
064830   
064831   
064832   
064833   
064834   
064835   
064836   
064837   
064838   
064839   
064840   
064841   
064842   
064843   
064844   
064845   
064846   
064847   
064848   
064849   
064850   
064851   
064852   
064853   
064854   
064855   
064856   
064857   
064858   
064859   
064900   
064901   
064902   
064903   
064904   
064905   
064906   
064907   
064908   
064909   
064910   
064911   
064912   
064913   
064914   
064915   
064916   
064917   
064918   
064919   
064920   
064921   
064922   
064923   
064924   
064925   
064926   
064927   
064928   
064929   
064930   
064931   
064932   
064933   
064934   
064935   
064936   
064937   
064938   
064939   
064940   
064941   
064942   
064943   
064944   
064945   
064946   
064947   
064948   
064949   
064950   
064951   
064952   
064953   
064954   
064955   
064956   
064957   
064958   
064959   
065000   
065001   
065002   
065003   
065004   
065005   
065006   
065007   
065008   
065009   
065010   
065011   
065012   
065013   
065014   
065015   
065016   
065017   
065018   
065019   
065020   
065021   
065022   
065023   
065024   
065025   
065026   
065027   
065028   
065029   
065030   
065031   
065032   
065033   
065034   
065035   
065036   
065037   
065038   
065039   
065040   
065041   
065042   
065043   
065044   
065045   
065046   
065047   
065048   
065049   
065050   
065051   
065052   
065053   
065054   
065055   
065056   
065057   
065058   
065059   
065100   
065101   
065102   
065103   
065104   
065105   
065106   
065107   
065108   
065109   
065110   
065111   
065112   
065113   
065114   
065115   
065116   
065117   
065118   
065119   
065120   
065121   
065122   
065123   
065124   
065125   
065126   
065127   
065128   
065129   
065130   
065131   
065132   
065133   
065134   
065135   
065136   
065137   
065138   
065139   
065140   
065141   
065142   
065143   
065144   
065145   
065146   
065147   
065148   
065149   
065150   
065151   
065152   
065153   
065154   
065155   
065156   
065157   
065158   
065159   
065200   
065201   
065202   
065203   
065204   
065205   
065206   
065207   
065208   
065209   
065210   
065211   
065212   
065213   
065214   
065215   
065216   
065217   
065218   
065219   
065220   
065221   
065222   
065223   
065224   
065225   
065226   
065227   
065228   
065229   
065230   
065231   
065232   
065233   
065234   
065235   
065236   
065237   
065238   
065239   
065240   
065241   
065242   
065243   
065244   
065245   
065246   
065247   
065248   
065249   
065250   
065251   
065252   
065253   
065254   
065255   
065256   
065257   
065258   
065259   
065300   
065301   
065302   
065303   
065304   
065305   
065306   
065307   
065308   
065309   
065310   
065311   
065312   
065313   
065314   
065315   
065316   
065317   
065318   
065319   
065320   
065321   
065322   
065323   
065324   
065325   
065326   
065327   
065328   
065329   
065330   
065331   
065332   
065333   
065334   
065335   
065336   
065337   
065338   
065339   
065340   
065341   
065342   
065343   
065344   
065345   
065346   
065347   
065348   
065349   
065350   
065351   
065352   
065353   
065354   
065355   
065356   
065357   
065358   
065359   
065400   
065401   
065402   
065403   
065404   
065405   
065406   
065407   
065408   
065409   
065410   
065411   
065412   
065413   
065414   
065415   
065416   
065417   
065418   
065419   
065420   
065421   
065422   
065423   
065424   
065425   
065426   
065427   
065428   
065429   
065430   
065431   
065432   
065433   
065434   
065435   
065436   
065437   
065438   
065439   
065440   
065441   
065442   
065443   
065444   
065445   
065446   
065447   
065448   
065449   
065450   
065451   
065452   
065453   
065454   
065455   
065456   
065457   
065458   
065459   
065500   
065501   
065502   
065503   
065504   
065505   
065506   
065507   
065508   
065509   
065510   
065511   
065512   
065513   
065514   
065515   
065516   
065517   
065518   
065519   
065520   
065521   
065522   
065523   
065524   
065525   
065526   
065527   
065528   
065529   
065530   
065531   
065532   
065533   
065534   
065535   
065536   
065537   
065538   
065539   
065540   
065541   
065542   
065543   
065544   
065545   
065546   
065547   
065548   
065549   
065550   
065551   
065552   
065553   
065554   
065555   
065556   
065557   
065558   
065559   
065600   
065601   
065602   
065603   
065604   
065605   
065606   
065607   
065608   
065609   
065610   
065611   
065612   
065613   
065614   
065615   
065616   
065617   
065618   
065619   
065620   
065621   
065622   
065623   
065624   
065625   
065626   
065627   
065628   
065629   
065630   
065631   
065632   
065633   
065634   
065635   
065636   
065637   
065638   
065639   
065640   
065641   
065642   
065643   
065644   
065645   
065646   
065647   
065648   
065649   
065650   
065651   
065652   
065653   
065654   
065655   
065656   
065657   
065658   
065659   
065700   
065701   
065702   
065703   
065704   
065705   
065706   
065707   
065708   
065709   
065710   
065711   
065712   
065713   
065714   
065715   
065716   
065717   
065718   
065719   
065720   
065721   
065722   
065723   
065724   
065725   
065726   
065727   
065728   
065729   
065730   
065731   
065732   
065733   
065734   
065735   
065736   
065737   
065738   
065739   
065740   
065741   
065742   
065743   
065744   
065745   
065746   
065747   
065748   
065749   
065750   
065751   
065752   
065753   
065754   
065755   
065756   
065757   
065758   
065759   
065800   
065801   
065802   
065803   
065804   
065805   
065806   
065807   
065808   
065809   
065810   
065811   
065812   
065813   
065814   
065815   
065816   
065817   
065818   
065819   
065820   
065821   
065822   
065823   
065824   
065825   
065826   
065827   
065828   
065829   
065830   
065831   
065832   
065833   
065834   
065835   
065836   
065837   
065838   
065839   
065840   
065841   
065842   
065843   
065844   
065845   
065846   
065847   
065848   
065849   
065850   
065851   
065852   
065853   
065854   
065855   
065856   
065857   
065858   
065859   
065900   
065901   
065902   
065903   
065904   
065905   
065906   
065907   
065908   
065909   
065910   
065911   
065912   
065913   
065914   
065915   
065916   
065917   
065918   
065919   
065920   
065921   
065922   
065923   
065924   
065925   
065926   
065927   
065928   
065929   
065930   
065931   
065932   
065933   
065934   
065935   
065936   
065937   
065938   
065939   
065940   
065941   
065942   
065943   
065944   
065945   
065946   
065947   
065948   
065949   
065950   
065951   
065952   
065953   
065954   
065955   
065956   
065957   
065958   
065959   
