070000   
070001   
070002   
070003   
070004   
070005   
070006   
070007   
070008   
070009   
070010   
070011   
070012   
070013   
070014   
070015   
070016   
070017   
070018   
070019   
070020   
070021   
070022   
070023   
070024   
070025   
070026   
070027   
070028   
070029   
070030   
070031   
070032   
070033   
070034   
070035   
070036   
070037   
070038   
070039   
070040   
070041   
070042   
070043   
070044   
070045   
070046   
070047   
070048   
070049   
070050   
070051   
070052   
070053   
070054   
070055   
070056   
070057   
070058   
070059   
070100   
070101   
070102   
070103   
070104   
070105   
070106   
070107   
070108   
070109   
070110   
070111   
070112   
070113   
070114   
070115   
070116   
070117   
070118   
070119   
070120   
070121   
070122   
070123   
070124   
070125   
070126   
070127   
070128   
070129   
070130   
070131   
070132   
070133   
070134   
070135   
070136   
070137   
070138   
070139   
070140   
070141   
070142   
070143   
070144   
070145   
070146   
070147   
070148   
070149   
070150   
070151   
070152   
070153   
070154   
070155   
070156   
070157   
070158   
070159   
070200   
070201   
070202   
070203   
070204   
070205   
070206   
070207   
070208   
070209   
070210   
070211   
070212   
070213   
070214   
070215   
070216   
070217   
070218   
070219   
070220   
070221   
070222   
070223   
070224   
070225   
070226   
070227   
070228   
070229   
070230   
070231   
070232   
070233   
070234   
070235   
070236   
070237   
070238   
070239   
070240   
070241   
070242   
070243   
070244   
070245   
070246   
070247   
070248   
070249   
070250   
070251   
070252   
070253   
070254   
070255   
070256   
070257   
070258   
070259   
070300   
070301   
070302   
070303   
070304   
070305   
070306   
070307   
070308   
070309   
070310   
070311   
070312   
070313   
070314   
070315   
070316   
070317   
070318   
070319   
070320   
070321   
070322   
070323   
070324   
070325   
070326   
070327   
070328   
070329   
070330   
070331   
070332   
070333   
070334   
070335   
070336   
070337   
070338   
070339   
070340   
070341   
070342   
070343   
070344   
070345   
070346   
070347   
070348   
070349   
070350   
070351   
070352   
070353   
070354   
070355   
070356   
070357   
070358   
070359   
070400   
070401   
070402   
070403   
070404   
070405   
070406   
070407   
070408   
070409   
070410   
070411   
070412   
070413   
070414   
070415   
070416   
070417   
070418   
070419   
070420   
070421   
070422   
070423   
070424   
070425   
070426   
070427   
070428   
070429   
070430   
070431   
070432   
070433   
070434   
070435   
070436   
070437   
070438   
070439   
070440   
070441   
070442   
070443   
070444   
070445   
070446   
070447   
070448   
070449   
070450   
070451   
070452   
070453   
070454   
070455   
070456   
070457   
070458   
070459   
070500   
070501   
070502   
070503   
070504   
070505   
070506   
070507   
070508   
070509   
070510   
070511   
070512   
070513   
070514   
070515   
070516   
070517   
070518   
070519   
070520   
070521   
070522   
070523   
070524   
070525   
070526   
070527   
070528   
070529   
070530   
070531   
070532   
070533   
070534   
070535   
070536   
070537   
070538   
070539   
070540   
070541   
070542   
070543   
070544   
070545   
070546   
070547   
070548   
070549   
070550   
070551   
070552   
070553   
070554   
070555   
070556   
070557   
070558   
070559   
070600   
070601   
070602   
070603   
070604   
070605   
070606   
070607   
070608   
070609   
070610   
070611   
070612   
070613   
070614   
070615   
070616   
070617   
070618   
070619   
070620   
070621   
070622   
070623   
070624   
070625   
070626   
070627   
070628   
070629   
070630   
070631   
070632   
070633   
070634   
070635   
070636   
070637   
070638   
070639   
070640   
070641   
070642   
070643   
070644   
070645   
070646   
070647   
070648   
070649   
070650   
070651   
070652   
070653   
070654   
070655   
070656   
070657   
070658   
070659   
070700   
070701   
070702   
070703   
070704   
070705   
070706   
070707   
070708   
070709   
070710   
070711   
070712   
070713   
070714   
070715   
070716   
070717   
070718   
070719   
070720   
070721   
070722   
070723   
070724   
070725   
070726   
070727   
070728   
070729   
070730   
070731   
070732   
070733   
070734   
070735   
070736   
070737   
070738   
070739   
070740   
070741   
070742   
070743   
070744   
070745   
070746   
070747   
070748   
070749   
070750   
070751   
070752   
070753   
070754   
070755   
070756   
070757   
070758   
070759   
070800   
070801   
070802   
070803   
070804   
070805   
070806   
070807   
070808   
070809   
070810   
070811   
070812   
070813   
070814   
070815   
070816   
070817   
070818   
070819   
070820   
070821   
070822   
070823   
070824   
070825   
070826   
070827   
070828   
070829   
070830   
070831   
070832   
070833   
070834   
070835   
070836   
070837   
070838   
070839   
070840   
070841   
070842   
070843   
070844   
070845   
070846   
070847   
070848   
070849   
070850   
070851   
070852   
070853   
070854   
070855   
070856   
070857   
070858   
070859   
070900   
070901   
070902   
070903   
070904   
070905   
070906   
070907   
070908   
070909   
070910   
070911   
070912   
070913   
070914   
070915   
070916   
070917   
070918   
070919   
070920   
070921   
070922   
070923   
070924   
070925   
070926   
070927   
070928   
070929   
070930   
070931   
070932   
070933   
070934   
070935   
070936   
070937   
070938   
070939   
070940   
070941   
070942   
070943   
070944   
070945   
070946   
070947   
070948   
070949   
070950   
070951   
070952   
070953   
070954   
070955   
070956   
070957   
070958   
070959   
071000   
071001   
071002   
071003   
071004   
071005   
071006   
071007   
071008   
071009   
071010   
071011   
071012   
071013   
071014   
071015   
071016   
071017   
071018   
071019   
071020   
071021   
071022   
071023   
071024   
071025   
071026   
071027   
071028   
071029   
071030   
071031   
071032   
071033   
071034   
071035   
071036   
071037   
071038   
071039   
071040   
071041   
071042   
071043   
071044   
071045   
071046   
071047   
071048   
071049   
071050   
071051   
071052   
071053   
071054   
071055   
071056   
071057   
071058   
071059   
071100   
071101   
071102   
071103   
071104   
071105   
071106   
071107   
071108   
071109   
071110   
071111   
071112   
071113   
071114   
071115   
071116   
071117   
071118   
071119   
071120   
071121   
071122   
071123   
071124   
071125   
071126   
071127   
071128   
071129   
071130   
071131   
071132   
071133   
071134   
071135   
071136   
071137   
071138   
071139   
071140   
071141   
071142   
071143   
071144   
071145   
071146   
071147   
071148   
071149   
071150   
071151   
071152   
071153   
071154   
071155   
071156   
071157   
071158   
071159   
071200   
071201   
071202   
071203   
071204   
071205   
071206   
071207   
071208   
071209   
071210   
071211   
071212   
071213   
071214   
071215   
071216   
071217   
071218   
071219   
071220   
071221   
071222   
071223   
071224   
071225   
071226   
071227   
071228   
071229   
071230   
071231   
071232   
071233   
071234   
071235   
071236   
071237   
071238   
071239   
071240   
071241   
071242   
071243   
071244   
071245   
071246   
071247   
071248   
071249   
071250   
071251   
071252   
071253   
071254   
071255   
071256   
071257   
071258   
071259   
071300   
071301   
071302   
071303   
071304   
071305   
071306   
071307   
071308   
071309   
071310   
071311   
071312   
071313   
071314   
071315   
071316   
071317   
071318   
071319   
071320   
071321   
071322   
071323   
071324   
071325   
071326   
071327   
071328   
071329   
071330   
071331   
071332   
071333   
071334   
071335   
071336   
071337   
071338   
071339   
071340   
071341   
071342   
071343   
071344   
071345   
071346   
071347   
071348   
071349   
071350   
071351   
071352   
071353   
071354   
071355   
071356   
071357   
071358   
071359   
071400   
071401   
071402   
071403   
071404   
071405   
071406   
071407   
071408   
071409   
071410   
071411   
071412   
071413   
071414   
071415   
071416   
071417   
071418   
071419   
071420   
071421   
071422   
071423   
071424   
071425   
071426   
071427   
071428   
071429   
071430   
071431   
071432   
071433   
071434   
071435   
071436   
071437   
071438   
071439   
071440   
071441   
071442   
071443   
071444   
071445   
071446   
071447   
071448   
071449   
071450   
071451   
071452   
071453   
071454   
071455   
071456   
071457   
071458   
071459   
071500   
071501   
071502   
071503   
071504   
071505   
071506   
071507   
071508   
071509   
071510   
071511   
071512   
071513   
071514   
071515   
071516   
071517   
071518   
071519   
071520   
071521   
071522   
071523   
071524   
071525   
071526   
071527   
071528   
071529   
071530   
071531   
071532   
071533   
071534   
071535   
071536   
071537   
071538   
071539   
071540   
071541   
071542   
071543   
071544   
071545   
071546   
071547   
071548   
071549   
071550   
071551   
071552   
071553   
071554   
071555   
071556   
071557   
071558   
071559   
071600   
071601   
071602   
071603   
071604   
071605   
071606   
071607   
071608   
071609   
071610   
071611   
071612   
071613   
071614   
071615   
071616   
071617   
071618   
071619   
071620   
071621   
071622   
071623   
071624   
071625   
071626   
071627   
071628   
071629   
071630   
071631   
071632   
071633   
071634   
071635   
071636   
071637   
071638   
071639   
071640   
071641   
071642   
071643   
071644   
071645   
071646   
071647   
071648   
071649   
071650   
071651   
071652   
071653   
071654   
071655   
071656   
071657   
071658   
071659   
071700   
071701   
071702   
071703   
071704   
071705   
071706   
071707   
071708   
071709   
071710   
071711   
071712   
071713   
071714   
071715   
071716   
071717   
071718   
071719   
071720   
071721   
071722   
071723   
071724   
071725   
071726   
071727   
071728   
071729   
071730   
071731   
071732   
071733   
071734   
071735   
071736   
071737   
071738   
071739   
071740   
071741   
071742   
071743   
071744   
071745   
071746   
071747   
071748   
071749   
071750   
071751   
071752   
071753   
071754   
071755   
071756   
071757   
071758   
071759   
071800   
071801   
071802   
071803   
071804   
071805   
071806   
071807   
071808   
071809   
071810   
071811   
071812   
071813   
071814   
071815   
071816   
071817   
071818   
071819   
071820   
071821   
071822   
071823   
071824   
071825   
071826   
071827   
071828   
071829   
071830   
071831   
071832   
071833   
071834   
071835   
071836   
071837   
071838   
071839   
071840   
071841   
071842   
071843   
071844   
071845   
071846   
071847   
071848   
071849   
071850   
071851   
071852   
071853   
071854   
071855   
071856   
071857   
071858   
071859   
071900   
071901   
071902   
071903   
071904   
071905   
071906   
071907   
071908   
071909   
071910   
071911   
071912   
071913   
071914   
071915   
071916   
071917   
071918   
071919   
071920   
071921   
071922   
071923   
071924   
071925   
071926   
071927   
071928   
071929   
071930   
071931   
071932   
071933   
071934   
071935   
071936   
071937   
071938   
071939   
071940   
071941   
071942   
071943   
071944   
071945   
071946   
071947   
071948   
071949   
071950   
071951   
071952   
071953   
071954   
071955   
071956   
071957   
071958   
071959   
072000   
072001   
072002   
072003   
072004   
072005   
072006   
072007   
072008   
072009   
072010   
072011   
072012   
072013   
072014   
072015   
072016   
072017   
072018   
072019   
072020   
072021   
072022   
072023   
072024   
072025   
072026   
072027   
072028   
072029   
072030   
072031   
072032   
072033   
072034   
072035   
072036   
072037   
072038   
072039   
072040   
072041   
072042   
072043   
072044   
072045   
072046   
072047   
072048   
072049   
072050   
072051   
072052   
072053   
072054   
072055   
072056   
072057   
072058   
072059   
072100   
072101   
072102   
072103   
072104   
072105   
072106   
072107   
072108   
072109   
072110   
072111   
072112   
072113   
072114   
072115   
072116   
072117   
072118   
072119   
072120   
072121   
072122   
072123   
072124   
072125   
072126   
072127   
072128   
072129   
072130   
072131   
072132   
072133   
072134   
072135   
072136   
072137   
072138   
072139   
072140   
072141   
072142   
072143   
072144   
072145   
072146   
072147   
072148   
072149   
072150   
072151   
072152   
072153   
072154   
072155   
072156   
072157   
072158   
072159   
072200   
072201   
072202   
072203   
072204   
072205   
072206   
072207   
072208   
072209   
072210   
072211   
072212   
072213   
072214   
072215   
072216   
072217   
072218   
072219   
072220   
072221   
072222   
072223   
072224   
072225   
072226   
072227   
072228   
072229   
072230   
072231   
072232   
072233   
072234   
072235   
072236   
072237   
072238   
072239   
072240   
072241   
072242   
072243   
072244   
072245   
072246   
072247   
072248   
072249   
072250   
072251   
072252   
072253   
072254   
072255   
072256   
072257   
072258   
072259   
072300   
072301   
072302   
072303   
072304   
072305   
072306   
072307   
072308   
072309   
072310   
072311   
072312   
072313   
072314   
072315   
072316   
072317   
072318   
072319   
072320   
072321   
072322   
072323   
072324   
072325   
072326   
072327   
072328   
072329   
072330   
072331   
072332   
072333   
072334   
072335   
072336   
072337   
072338   
072339   
072340   
072341   
072342   
072343   
072344   
072345   
072346   
072347   
072348   
072349   
072350   
072351   
072352   
072353   
072354   
072355   
072356   
072357   
072358   
072359   
072400   
072401   
072402   
072403   
072404   
072405   
072406   
072407   
072408   
072409   
072410   
072411   
072412   
072413   
072414   
072415   
072416   
072417   
072418   
072419   
072420   
072421   
072422   
072423   
072424   
072425   
072426   
072427   
072428   
072429   
072430   
072431   
072432   
072433   
072434   
072435   
072436   
072437   
072438   
072439   
072440   
072441   
072442   
072443   
072444   
072445   
072446   
072447   
072448   
072449   
072450   
072451   
072452   
072453   
072454   
072455   
072456   
072457   
072458   
072459   
072500   
072501   
072502   
072503   
072504   
072505   
072506   
072507   
072508   
072509   
072510   
072511   
072512   
072513   
072514   
072515   
072516   
072517   
072518   
072519   
072520   
072521   
072522   
072523   
072524   
072525   
072526   
072527   
072528   
072529   
072530   
072531   
072532   
072533   
072534   
072535   
072536   
072537   
072538   
072539   
072540   
072541   
072542   
072543   
072544   
072545   
072546   
072547   
072548   
072549   
072550   
072551   
072552   
072553   
072554   
072555   
072556   
072557   
072558   
072559   
072600   
072601   
072602   
072603   
072604   
072605   
072606   
072607   
072608   
072609   
072610   
072611   
072612   
072613   
072614   
072615   
072616   
072617   
072618   
072619   
072620   
072621   
072622   
072623   
072624   
072625   
072626   
072627   
072628   
072629   
072630   
072631   
072632   
072633   
072634   
072635   
072636   
072637   
072638   
072639   
072640   
072641   
072642   
072643   
072644   
072645   
072646   
072647   
072648   
072649   
072650   
072651   
072652   
072653   
072654   
072655   
072656   
072657   
072658   
072659   
072700   
072701   
072702   
072703   
072704   
072705   
072706   
072707   
072708   
072709   
072710   
072711   
072712   
072713   
072714   
072715   
072716   
072717   
072718   
072719   
072720   
072721   
072722   
072723   
072724   
072725   
072726   
072727   
072728   
072729   
072730   
072731   
072732   
072733   
072734   
072735   
072736   
072737   
072738   
072739   
072740   
072741   
072742   
072743   
072744   
072745   
072746   
072747   
072748   
072749   
072750   
072751   
072752   
072753   
072754   
072755   
072756   
072757   
072758   
072759   
072800   
072801   
072802   
072803   
072804   
072805   
072806   
072807   
072808   
072809   
072810   
072811   
072812   
072813   
072814   
072815   
072816   
072817   
072818   
072819   
072820   
072821   
072822   
072823   
072824   
072825   
072826   
072827   
072828   
072829   
072830   
072831   
072832   
072833   
072834   
072835   
072836   
072837   
072838   
072839   
072840   
072841   
072842   
072843   
072844   
072845   
072846   
072847   
072848   
072849   
072850   
072851   
072852   
072853   
072854   
072855   
072856   
072857   
072858   
072859   
072900   
072901   
072902   
072903   
072904   
072905   
072906   
072907   
072908   
072909   
072910   
072911   
072912   
072913   
072914   
072915   
072916   
072917   
072918   
072919   
072920   
072921   
072922   
072923   
072924   
072925   
072926   
072927   
072928   
072929   
072930   
072931   
072932   
072933   
072934   
072935   
072936   
072937   
072938   
072939   
072940   
072941   
072942   
072943   
072944   
072945   
072946   
072947   
072948   
072949   
072950   
072951   
072952   
072953   
072954   
072955   
072956   
072957   
072958   
072959   
073000   
073001   
073002   
073003   
073004   
073005   
073006   
073007   
073008   
073009   
073010   
073011   
073012   
073013   
073014   
073015   
073016   
073017   
073018   
073019   
073020   
073021   
073022   
073023   
073024   
073025   
073026   
073027   
073028   
073029   
073030   
073031   
073032   
073033   
073034   
073035   
073036   
073037   
073038   
073039   
073040   
073041   
073042   
073043   
073044   
073045   
073046   
073047   
073048   
073049   
073050   
073051   
073052   
073053   
073054   
073055   
073056   
073057   
073058   
073059   
073100   
073101   
073102   
073103   
073104   
073105   
073106   
073107   
073108   
073109   
073110   
073111   
073112   
073113   
073114   
073115   
073116   
073117   
073118   
073119   
073120   
073121   
073122   
073123   
073124   
073125   
073126   
073127   
073128   
073129   
073130   
073131   
073132   
073133   
073134   
073135   
073136   
073137   
073138   
073139   
073140   
073141   
073142   
073143   
073144   
073145   
073146   
073147   
073148   
073149   
073150   
073151   
073152   
073153   
073154   
073155   
073156   
073157   
073158   
073159   
073200   
073201   
073202   
073203   
073204   
073205   
073206   
073207   
073208   
073209   
073210   
073211   
073212   
073213   
073214   
073215   
073216   
073217   
073218   
073219   
073220   
073221   
073222   
073223   
073224   
073225   
073226   
073227   
073228   
073229   
073230   
073231   
073232   
073233   
073234   
073235   
073236   
073237   
073238   
073239   
073240   
073241   
073242   
073243   
073244   
073245   
073246   
073247   
073248   
073249   
073250   
073251   
073252   
073253   
073254   
073255   
073256   
073257   
073258   
073259   
073300   
073301   
073302   
073303   
073304   
073305   
073306   
073307   
073308   
073309   
073310   
073311   
073312   
073313   
073314   
073315   
073316   
073317   
073318   
073319   
073320   
073321   
073322   
073323   
073324   
073325   
073326   
073327   
073328   
073329   
073330   
073331   
073332   
073333   
073334   
073335   
073336   
073337   
073338   
073339   
073340   
073341   
073342   
073343   
073344   
073345   
073346   
073347   
073348   
073349   
073350   
073351   
073352   
073353   
073354   
073355   
073356   
073357   
073358   
073359   
073400   
073401   
073402   
073403   
073404   
073405   
073406   
073407   
073408   
073409   
073410   
073411   
073412   
073413   
073414   
073415   
073416   
073417   
073418   
073419   
073420   
073421   
073422   
073423   
073424   
073425   
073426   
073427   
073428   
073429   
073430   
073431   
073432   
073433   
073434   
073435   
073436   
073437   
073438   
073439   
073440   
073441   
073442   
073443   
073444   
073445   
073446   
073447   
073448   
073449   
073450   
073451   
073452   
073453   
073454   
073455   
073456   
073457   
073458   
073459   
073500   
073501   
073502   
073503   
073504   
073505   
073506   
073507   
073508   
073509   
073510   
073511   
073512   
073513   
073514   
073515   
073516   
073517   
073518   
073519   
073520   
073521   
073522   
073523   
073524   
073525   
073526   
073527   
073528   
073529   
073530   
073531   
073532   
073533   
073534   
073535   
073536   
073537   
073538   
073539   
073540   
073541   
073542   
073543   
073544   
073545   
073546   
073547   
073548   
073549   
073550   
073551   
073552   
073553   
073554   
073555   
073556   
073557   
073558   
073559   
073600   
073601   
073602   
073603   
073604   
073605   
073606   
073607   
073608   
073609   
073610   
073611   
073612   
073613   
073614   
073615   
073616   
073617   
073618   
073619   
073620   
073621   
073622   
073623   
073624   
073625   
073626   
073627   
073628   
073629   
073630   
073631   
073632   
073633   
073634   
073635   
073636   
073637   
073638   
073639   
073640   
073641   
073642   
073643   
073644   
073645   
073646   
073647   
073648   
073649   
073650   
073651   
073652   
073653   
073654   
073655   
073656   
073657   
073658   
073659   
073700   
073701   
073702   
073703   
073704   
073705   
073706   
073707   
073708   
073709   
073710   
073711   
073712   
073713   
073714   
073715   
073716   
073717   
073718   
073719   
073720   
073721   
073722   
073723   
073724   
073725   
073726   
073727   
073728   
073729   
073730   
073731   
073732   
073733   
073734   
073735   
073736   
073737   
073738   
073739   
073740   
073741   
073742   
073743   
073744   
073745   
073746   
073747   
073748   
073749   
073750   
073751   
073752   
073753   
073754   
073755   
073756   
073757   
073758   
073759   
073800   
073801   
073802   
073803   
073804   
073805   
073806   
073807   
073808   
073809   
073810   
073811   
073812   
073813   
073814   
073815   
073816   
073817   
073818   
073819   
073820   
073821   
073822   
073823   
073824   
073825   
073826   
073827   
073828   
073829   
073830   
073831   
073832   
073833   
073834   
073835   
073836   
073837   
073838   
073839   
073840   
073841   
073842   
073843   
073844   
073845   
073846   
073847   
073848   
073849   
073850   
073851   
073852   
073853   
073854   
073855   
073856   
073857   
073858   
073859   
073900   
073901   
073902   
073903   
073904   
073905   
073906   
073907   
073908   
073909   
073910   
073911   
073912   
073913   
073914   
073915   
073916   
073917   
073918   
073919   
073920   
073921   
073922   
073923   
073924   
073925   
073926   
073927   
073928   
073929   
073930   
073931   
073932   
073933   
073934   
073935   
073936   
073937   
073938   
073939   
073940   
073941   
073942   
073943   
073944   
073945   
073946   
073947   
073948   
073949   
073950   
073951   
073952   
073953   
073954   
073955   
073956   
073957   
073958   
073959   
074000   
074001   
074002   
074003   
074004   
074005   
074006   
074007   
074008   
074009   
074010   
074011   
074012   
074013   
074014   
074015   
074016   
074017   
074018   
074019   
074020   
074021   
074022   
074023   
074024   
074025   
074026   
074027   
074028   
074029   
074030   
074031   
074032   
074033   
074034   
074035   
074036   
074037   
074038   
074039   
074040   
074041   
074042   
074043   
074044   
074045   
074046   
074047   
074048   
074049   
074050   
074051   
074052   
074053   
074054   
074055   
074056   
074057   
074058   
074059   
074100   
074101   
074102   
074103   
074104   
074105   
074106   
074107   
074108   
074109   
074110   
074111   
074112   
074113   
074114   
074115   
074116   
074117   
074118   
074119   
074120   
074121   
074122   
074123   
074124   
074125   
074126   
074127   
074128   
074129   
074130   
074131   
074132   
074133   
074134   
074135   
074136   
074137   
074138   
074139   
074140   
074141   
074142   
074143   
074144   
074145   
074146   
074147   
074148   
074149   
074150   
074151   
074152   
074153   
074154   
074155   
074156   
074157   
074158   
074159   
074200   
074201   
074202   
074203   
074204   
074205   
074206   
074207   
074208   
074209   
074210   
074211   
074212   
074213   
074214   
074215   
074216   
074217   
074218   
074219   
074220   
074221   
074222   
074223   
074224   
074225   
074226   
074227   
074228   
074229   
074230   
074231   
074232   
074233   
074234   
074235   
074236   
074237   
074238   
074239   
074240   
074241   
074242   
074243   
074244   
074245   
074246   
074247   
074248   
074249   
074250   
074251   
074252   
074253   
074254   
074255   
074256   
074257   
074258   
074259   
074300   
074301   
074302   
074303   
074304   
074305   
074306   
074307   
074308   
074309   
074310   
074311   
074312   
074313   
074314   
074315   
074316   
074317   
074318   
074319   
074320   
074321   
074322   
074323   
074324   
074325   
074326   
074327   
074328   
074329   
074330   
074331   
074332   
074333   
074334   
074335   
074336   
074337   
074338   
074339   
074340   
074341   
074342   
074343   
074344   
074345   
074346   
074347   
074348   
074349   
074350   
074351   
074352   
074353   
074354   
074355   
074356   
074357   
074358   
074359   
074400   
074401   
074402   
074403   
074404   
074405   
074406   
074407   
074408   
074409   
074410   
074411   
074412   
074413   
074414   
074415   
074416   
074417   
074418   
074419   
074420   
074421   
074422   
074423   
074424   
074425   
074426   
074427   
074428   
074429   
074430   
074431   
074432   
074433   
074434   
074435   
074436   
074437   
074438   
074439   
074440   
074441   
074442   
074443   
074444   
074445   
074446   
074447   
074448   
074449   
074450   
074451   
074452   
074453   
074454   
074455   
074456   
074457   
074458   
074459   
074500   
074501   
074502   
074503   
074504   
074505   
074506   
074507   
074508   
074509   
074510   
074511   
074512   
074513   
074514   
074515   
074516   
074517   
074518   
074519   
074520   
074521   
074522   
074523   
074524   
074525   
074526   
074527   
074528   
074529   
074530   
074531   
074532   
074533   
074534   
074535   
074536   
074537   
074538   
074539   
074540   
074541   
074542   
074543   
074544   
074545   
074546   
074547   
074548   
074549   
074550   
074551   
074552   
074553   
074554   
074555   
074556   
074557   
074558   
074559   
074600   
074601   
074602   
074603   
074604   
074605   
074606   
074607   
074608   
074609   
074610   
074611   
074612   
074613   
074614   
074615   
074616   
074617   
074618   
074619   
074620   
074621   
074622   
074623   
074624   
074625   
074626   
074627   
074628   
074629   
074630   
074631   
074632   
074633   
074634   
074635   
074636   
074637   
074638   
074639   
074640   
074641   
074642   
074643   
074644   
074645   
074646   
074647   
074648   
074649   
074650   
074651   
074652   
074653   
074654   
074655   
074656   
074657   
074658   
074659   
074700   
074701   
074702   
074703   
074704   
074705   
074706   
074707   
074708   
074709   
074710   
074711   
074712   
074713   
074714   
074715   
074716   
074717   
074718   
074719   
074720   
074721   
074722   
074723   
074724   
074725   
074726   
074727   
074728   
074729   
074730   
074731   
074732   
074733   
074734   
074735   
074736   
074737   
074738   
074739   
074740   
074741   
074742   
074743   
074744   
074745   
074746   
074747   
074748   
074749   
074750   
074751   
074752   
074753   
074754   
074755   
074756   
074757   
074758   
074759   
074800   
074801   
074802   
074803   
074804   
074805   
074806   
074807   
074808   
074809   
074810   
074811   
074812   
074813   
074814   
074815   
074816   
074817   
074818   
074819   
074820   
074821   
074822   
074823   
074824   
074825   
074826   
074827   
074828   
074829   
074830   
074831   
074832   
074833   
074834   
074835   
074836   
074837   
074838   
074839   
074840   
074841   
074842   
074843   
074844   
074845   
074846   
074847   
074848   
074849   
074850   
074851   
074852   
074853   
074854   
074855   
074856   
074857   
074858   
074859   
074900   
074901   
074902   
074903   
074904   
074905   
074906   
074907   
074908   
074909   
074910   
074911   
074912   
074913   
074914   
074915   
074916   
074917   
074918   
074919   
074920   
074921   
074922   
074923   
074924   
074925   
074926   
074927   
074928   
074929   
074930   
074931   
074932   
074933   
074934   
074935   
074936   
074937   
074938   
074939   
074940   
074941   
074942   
074943   
074944   
074945   
074946   
074947   
074948   
074949   
074950   
074951   
074952   
074953   
074954   
074955   
074956   
074957   
074958   
074959   
075000   
075001   
075002   
075003   
075004   
075005   
075006   
075007   
075008   
075009   
075010   
075011   
075012   
075013   
075014   
075015   
075016   
075017   
075018   
075019   
075020   
075021   
075022   
075023   
075024   
075025   
075026   
075027   
075028   
075029   
075030   
075031   
075032   
075033   
075034   
075035   
075036   
075037   
075038   
075039   
075040   
075041   
075042   
075043   
075044   
075045   
075046   
075047   
075048   
075049   
075050   
075051   
075052   
075053   
075054   
075055   
075056   
075057   
075058   
075059   
075100   
075101   
075102   
075103   
075104   
075105   
075106   
075107   
075108   
075109   
075110   
075111   
075112   
075113   
075114   
075115   
075116   
075117   
075118   
075119   
075120   
075121   
075122   
075123   
075124   
075125   
075126   
075127   
075128   
075129   
075130   
075131   
075132   
075133   
075134   
075135   
075136   
075137   
075138   
075139   
075140   
075141   
075142   
075143   
075144   
075145   
075146   
075147   
075148   
075149   
075150   
075151   
075152   
075153   
075154   
075155   
075156   
075157   
075158   
075159   
075200   
075201   
075202   
075203   
075204   
075205   
075206   
075207   
075208   
075209   
075210   
075211   
075212   
075213   
075214   
075215   
075216   
075217   
075218   
075219   
075220   
075221   
075222   
075223   
075224   
075225   
075226   
075227   
075228   
075229   
075230   
075231   
075232   
075233   
075234   
075235   
075236   
075237   
075238   
075239   
075240   
075241   
075242   
075243   
075244   
075245   
075246   
075247   
075248   
075249   
075250   
075251   
075252   
075253   
075254   
075255   
075256   
075257   
075258   
075259   
075300   
075301   
075302   
075303   
075304   
075305   
075306   
075307   
075308   
075309   
075310   
075311   
075312   
075313   
075314   
075315   
075316   
075317   
075318   
075319   
075320   
075321   
075322   
075323   
075324   
075325   
075326   
075327   
075328   
075329   
075330   
075331   
075332   
075333   
075334   
075335   
075336   
075337   
075338   
075339   
075340   
075341   
075342   
075343   
075344   
075345   
075346   
075347   
075348   
075349   
075350   
075351   
075352   
075353   
075354   
075355   
075356   
075357   
075358   
075359   
075400   
075401   
075402   
075403   
075404   
075405   
075406   
075407   
075408   
075409   
075410   
075411   
075412   
075413   
075414   
075415   
075416   
075417   
075418   
075419   
075420   
075421   
075422   
075423   
075424   
075425   
075426   
075427   
075428   
075429   
075430   
075431   
075432   
075433   
075434   
075435   
075436   
075437   
075438   
075439   
075440   
075441   
075442   
075443   
075444   
075445   
075446   
075447   
075448   
075449   
075450   
075451   
075452   
075453   
075454   
075455   
075456   
075457   
075458   
075459   
075500   
075501   
075502   
075503   
075504   
075505   
075506   
075507   
075508   
075509   
075510   
075511   
075512   
075513   
075514   
075515   
075516   
075517   
075518   
075519   
075520   
075521   
075522   
075523   
075524   
075525   
075526   
075527   
075528   
075529   
075530   
075531   
075532   
075533   
075534   
075535   
075536   
075537   
075538   
075539   
075540   
075541   
075542   
075543   
075544   
075545   
075546   
075547   
075548   
075549   
075550   
075551   
075552   
075553   
075554   
075555   
075556   
075557   
075558   
075559   
075600   
075601   
075602   
075603   
075604   
075605   
075606   
075607   
075608   
075609   
075610   
075611   
075612   
075613   
075614   
075615   
075616   
075617   
075618   
075619   
075620   
075621   
075622   
075623   
075624   
075625   
075626   
075627   
075628   
075629   
075630   
075631   
075632   
075633   
075634   
075635   
075636   
075637   
075638   
075639   
075640   
075641   
075642   
075643   
075644   
075645   
075646   
075647   
075648   
075649   
075650   
075651   
075652   
075653   
075654   
075655   
075656   
075657   
075658   
075659   
075700   
075701   
075702   
075703   
075704   
075705   
075706   
075707   
075708   
075709   
075710   
075711   
075712   
075713   
075714   
075715   
075716   
075717   
075718   
075719   
075720   
075721   
075722   
075723   
075724   
075725   
075726   
075727   
075728   
075729   
075730   
075731   
075732   
075733   
075734   
075735   
075736   
075737   
075738   
075739   
075740   
075741   
075742   
075743   
075744   
075745   
075746   
075747   
075748   
075749   
075750   
075751   
075752   
075753   
075754   
075755   
075756   
075757   
075758   
075759   
075800   
075801   
075802   
075803   
075804   
075805   
075806   
075807   
075808   
075809   
075810   
075811   
075812   
075813   
075814   
075815   
075816   
075817   
075818   
075819   
075820   
075821   
075822   
075823   
075824   
075825   
075826   
075827   
075828   
075829   
075830   
075831   
075832   
075833   
075834   
075835   
075836   
075837   
075838   
075839   
075840   
075841   
075842   
075843   
075844   
075845   
075846   
075847   
075848   
075849   
075850   
075851   
075852   
075853   
075854   
075855   
075856   
075857   
075858   
075859   
075900   
075901   
075902   
075903   
075904   
075905   
075906   
075907   
075908   
075909   
075910   
075911   
075912   
075913   
075914   
075915   
075916   
075917   
075918   
075919   
075920   
075921   
075922   
075923   
075924   
075925   
075926   
075927   
075928   
075929   
075930   
075931   
075932   
075933   
075934   
075935   
075936   
075937   
075938   
075939   
075940   
075941   
075942   
075943   
075944   
075945   
075946   
075947   
075948   
075949   
075950   
075951   
075952   
075953   
075954   
075955   
075956   
075957   
075958   
075959   
