080000   
080001   
080002   
080003   
080004   
080005   
080006   
080007   
080008   
080009   
080010   
080011   
080012   
080013   
080014   
080015   
080016   
080017   
080018   
080019   
080020   
080021   
080022   
080023   
080024   
080025   
080026   
080027   
080028   
080029   
080030   
080031   
080032   
080033   
080034   
080035   
080036   
080037   
080038   
080039   
080040   
080041   
080042   
080043   
080044   
080045   
080046   
080047   
080048   
080049   
080050   
080051   
080052   
080053   
080054   
080055   
080056   
080057   
080058   
080059   
080100   
080101   
080102   
080103   
080104   
080105   
080106   
080107   
080108   
080109   
080110   
080111   
080112   
080113   
080114   
080115   
080116   
080117   
080118   
080119   
080120   
080121   
080122   
080123   
080124   
080125   
080126   
080127   
080128   
080129   
080130   
080131   
080132   
080133   
080134   
080135   
080136   
080137   
080138   
080139   
080140   
080141   
080142   
080143   
080144   
080145   
080146   
080147   
080148   
080149   
080150   
080151   
080152   
080153   
080154   
080155   
080156   
080157   
080158   
080159   
080200   
080201   
080202   
080203   
080204   
080205   
080206   
080207   
080208   
080209   
080210   
080211   
080212   
080213   
080214   
080215   
080216   
080217   
080218   
080219   
080220   
080221   
080222   
080223   
080224   
080225   
080226   
080227   
080228   
080229   
080230   
080231   
080232   
080233   
080234   
080235   
080236   
080237   
080238   
080239   
080240   
080241   
080242   
080243   
080244   
080245   
080246   
080247   
080248   
080249   
080250   
080251   
080252   
080253   
080254   
080255   
080256   
080257   
080258   
080259   
080300   
080301   
080302   
080303   
080304   
080305   
080306   
080307   
080308   
080309   
080310   
080311   
080312   
080313   
080314   
080315   
080316   
080317   
080318   
080319   
080320   
080321   
080322   
080323   
080324   
080325   
080326   
080327   
080328   
080329   
080330   
080331   
080332   
080333   
080334   
080335   
080336   
080337   
080338   
080339   
080340   
080341   
080342   
080343   
080344   
080345   
080346   
080347   
080348   
080349   
080350   
080351   
080352   
080353   
080354   
080355   
080356   
080357   
080358   
080359   
080400   
080401   
080402   
080403   
080404   
080405   
080406   
080407   
080408   
080409   
080410   
080411   
080412   
080413   
080414   
080415   
080416   
080417   
080418   
080419   
080420   
080421   
080422   
080423   
080424   
080425   
080426   
080427   
080428   
080429   
080430   
080431   
080432   
080433   
080434   
080435   
080436   
080437   
080438   
080439   
080440   
080441   
080442   
080443   
080444   
080445   
080446   
080447   
080448   
080449   
080450   
080451   
080452   
080453   
080454   
080455   
080456   
080457   
080458   
080459   
080500   
080501   
080502   
080503   
080504   
080505   
080506   
080507   
080508   
080509   
080510   
080511   
080512   
080513   
080514   
080515   
080516   
080517   
080518   
080519   
080520   
080521   
080522   
080523   
080524   
080525   
080526   
080527   
080528   
080529   
080530   
080531   
080532   
080533   
080534   
080535   
080536   
080537   
080538   
080539   
080540   
080541   
080542   
080543   
080544   
080545   
080546   
080547   
080548   
080549   
080550   
080551   
080552   
080553   
080554   
080555   
080556   
080557   
080558   
080559   
080600   
080601   
080602   
080603   
080604   
080605   
080606   
080607   
080608   
080609   
080610   
080611   
080612   
080613   
080614   
080615   
080616   
080617   
080618   
080619   
080620   
080621   
080622   
080623   
080624   
080625   
080626   
080627   
080628   
080629   
080630   
080631   
080632   
080633   
080634   
080635   
080636   
080637   
080638   
080639   
080640   
080641   
080642   
080643   
080644   
080645   
080646   
080647   
080648   
080649   
080650   
080651   
080652   
080653   
080654   
080655   
080656   
080657   
080658   
080659   
080700   
080701   
080702   
080703   
080704   
080705   
080706   
080707   
080708   
080709   
080710   
080711   
080712   
080713   
080714   
080715   
080716   
080717   
080718   
080719   
080720   
080721   
080722   
080723   
080724   
080725   
080726   
080727   
080728   
080729   
080730   
080731   
080732   
080733   
080734   
080735   
080736   
080737   
080738   
080739   
080740   
080741   
080742   
080743   
080744   
080745   
080746   
080747   
080748   
080749   
080750   
080751   
080752   
080753   
080754   
080755   
080756   
080757   
080758   
080759   
080800   
080801   
080802   
080803   
080804   
080805   
080806   
080807   
080808   
080809   
080810   
080811   
080812   
080813   
080814   
080815   
080816   
080817   
080818   
080819   
080820   
080821   
080822   
080823   
080824   
080825   
080826   
080827   
080828   
080829   
080830   
080831   
080832   
080833   
080834   
080835   
080836   
080837   
080838   
080839   
080840   
080841   
080842   
080843   
080844   
080845   
080846   
080847   
080848   
080849   
080850   
080851   
080852   
080853   
080854   
080855   
080856   
080857   
080858   
080859   
080900   
080901   
080902   
080903   
080904   
080905   
080906   
080907   
080908   
080909   
080910   
080911   
080912   
080913   
080914   
080915   
080916   
080917   
080918   
080919   
080920   
080921   
080922   
080923   
080924   
080925   
080926   
080927   
080928   
080929   
080930   
080931   
080932   
080933   
080934   
080935   
080936   
080937   
080938   
080939   
080940   
080941   
080942   
080943   
080944   
080945   
080946   
080947   
080948   
080949   
080950   
080951   
080952   
080953   
080954   
080955   
080956   
080957   
080958   
080959   
081000   
081001   
081002   
081003   
081004   
081005   
081006   
081007   
081008   
081009   
081010   
081011   
081012   
081013   
081014   
081015   
081016   
081017   
081018   
081019   
081020   
081021   
081022   
081023   
081024   
081025   
081026   
081027   
081028   
081029   
081030   
081031   
081032   
081033   
081034   
081035   
081036   
081037   
081038   
081039   
081040   
081041   
081042   
081043   
081044   
081045   
081046   
081047   
081048   
081049   
081050   
081051   
081052   
081053   
081054   
081055   
081056   
081057   
081058   
081059   
081100   
081101   
081102   
081103   
081104   
081105   
081106   
081107   
081108   
081109   
081110   
081111   
081112   
081113   
081114   
081115   
081116   
081117   
081118   
081119   
081120   
081121   
081122   
081123   
081124   
081125   
081126   
081127   
081128   
081129   
081130   
081131   
081132   
081133   
081134   
081135   
081136   
081137   
081138   
081139   
081140   
081141   
081142   
081143   
081144   
081145   
081146   
081147   
081148   
081149   
081150   
081151   
081152   
081153   
081154   
081155   
081156   
081157   
081158   
081159   
081200   
081201   
081202   
081203   
081204   
081205   
081206   
081207   
081208   
081209   
081210   
081211   
081212   
081213   
081214   
081215   
081216   
081217   
081218   
081219   
081220   
081221   
081222   
081223   
081224   
081225   
081226   
081227   
081228   
081229   
081230   
081231   
081232   
081233   
081234   
081235   
081236   
081237   
081238   
081239   
081240   
081241   
081242   
081243   
081244   
081245   
081246   
081247   
081248   
081249   
081250   
081251   
081252   
081253   
081254   
081255   
081256   
081257   
081258   
081259   
081300   
081301   
081302   
081303   
081304   
081305   
081306   
081307   
081308   
081309   
081310   
081311   
081312   
081313   
081314   
081315   
081316   
081317   
081318   
081319   
081320   
081321   
081322   
081323   
081324   
081325   
081326   
081327   
081328   
081329   
081330   
081331   
081332   
081333   
081334   
081335   
081336   
081337   
081338   
081339   
081340   
081341   
081342   
081343   
081344   
081345   
081346   
081347   
081348   
081349   
081350   
081351   
081352   
081353   
081354   
081355   
081356   
081357   
081358   
081359   
081400   
081401   
081402   
081403   
081404   
081405   
081406   
081407   
081408   
081409   
081410   
081411   
081412   
081413   
081414   
081415   
081416   
081417   
081418   
081419   
081420   
081421   
081422   
081423   
081424   
081425   
081426   
081427   
081428   
081429   
081430   
081431   
081432   
081433   
081434   
081435   
081436   
081437   
081438   
081439   
081440   
081441   
081442   
081443   
081444   
081445   
081446   
081447   
081448   
081449   
081450   
081451   
081452   
081453   
081454   
081455   
081456   
081457   
081458   
081459   
081500   
081501   
081502   
081503   
081504   
081505   
081506   
081507   
081508   
081509   
081510   
081511   
081512   
081513   
081514   
081515   
081516   
081517   
081518   
081519   
081520   
081521   
081522   
081523   
081524   
081525   
081526   
081527   
081528   
081529   
081530   
081531   
081532   
081533   
081534   
081535   
081536   
081537   
081538   
081539   
081540   
081541   
081542   
081543   
081544   
081545   
081546   
081547   
081548   
081549   
081550   
081551   
081552   
081553   
081554   
081555   
081556   
081557   
081558   
081559   
081600   
081601   
081602   
081603   
081604   
081605   
081606   
081607   
081608   
081609   
081610   
081611   
081612   
081613   
081614   
081615   
081616   
081617   
081618   
081619   
081620   
081621   
081622   
081623   
081624   
081625   
081626   
081627   
081628   
081629   
081630   
081631   
081632   
081633   
081634   
081635   
081636   
081637   
081638   
081639   
081640   
081641   
081642   
081643   
081644   
081645   
081646   
081647   
081648   
081649   
081650   
081651   
081652   
081653   
081654   
081655   
081656   
081657   
081658   
081659   
081700   
081701   
081702   
081703   
081704   
081705   
081706   
081707   
081708   
081709   
081710   
081711   
081712   
081713   
081714   
081715   
081716   
081717   
081718   
081719   
081720   
081721   
081722   
081723   
081724   
081725   
081726   
081727   
081728   
081729   
081730   
081731   
081732   
081733   
081734   
081735   
081736   
081737   
081738   
081739   
081740   
081741   
081742   
081743   
081744   
081745   
081746   
081747   
081748   
081749   
081750   
081751   
081752   
081753   
081754   
081755   
081756   
081757   
081758   
081759   
081800   
081801   
081802   
081803   
081804   
081805   
081806   
081807   
081808   
081809   
081810   
081811   
081812   
081813   
081814   
081815   
081816   
081817   
081818   
081819   
081820   
081821   
081822   
081823   
081824   
081825   
081826   
081827   
081828   
081829   
081830   
081831   
081832   
081833   
081834   
081835   
081836   
081837   
081838   
081839   
081840   
081841   
081842   
081843   
081844   
081845   
081846   
081847   
081848   
081849   
081850   
081851   
081852   
081853   
081854   
081855   
081856   
081857   
081858   
081859   
081900   
081901   
081902   
081903   
081904   
081905   
081906   
081907   
081908   
081909   
081910   
081911   
081912   
081913   
081914   
081915   
081916   
081917   
081918   
081919   
081920   
081921   
081922   
081923   
081924   
081925   
081926   
081927   
081928   
081929   
081930   
081931   
081932   
081933   
081934   
081935   
081936   
081937   
081938   
081939   
081940   
081941   
081942   
081943   
081944   
081945   
081946   
081947   
081948   
081949   
081950   
081951   
081952   
081953   
081954   
081955   
081956   
081957   
081958   
081959   
082000   
082001   
082002   
082003   
082004   
082005   
082006   
082007   
082008   
082009   
082010   
082011   
082012   
082013   
082014   
082015   
082016   
082017   
082018   
082019   
082020   
082021   
082022   
082023   
082024   
082025   
082026   
082027   
082028   
082029   
082030   
082031   
082032   
082033   
082034   
082035   
082036   
082037   
082038   
082039   
082040   
082041   
082042   
082043   
082044   
082045   
082046   
082047   
082048   
082049   
082050   
082051   
082052   
082053   
082054   
082055   
082056   
082057   
082058   
082059   
082100   
082101   
082102   
082103   
082104   
082105   
082106   
082107   
082108   
082109   
082110   
082111   
082112   
082113   
082114   
082115   
082116   
082117   
082118   
082119   
082120   
082121   
082122   
082123   
082124   
082125   
082126   
082127   
082128   
082129   
082130   
082131   
082132   
082133   
082134   
082135   
082136   
082137   
082138   
082139   
082140   
082141   
082142   
082143   
082144   
082145   
082146   
082147   
082148   
082149   
082150   
082151   
082152   
082153   
082154   
082155   
082156   
082157   
082158   
082159   
082200   
082201   
082202   
082203   
082204   
082205   
082206   
082207   
082208   
082209   
082210   
082211   
082212   
082213   
082214   
082215   
082216   
082217   
082218   
082219   
082220   
082221   
082222   
082223   
082224   
082225   
082226   
082227   
082228   
082229   
082230   
082231   
082232   
082233   
082234   
082235   
082236   
082237   
082238   
082239   
082240   
082241   
082242   
082243   
082244   
082245   
082246   
082247   
082248   
082249   
082250   
082251   
082252   
082253   
082254   
082255   
082256   
082257   
082258   
082259   
082300   
082301   
082302   
082303   
082304   
082305   
082306   
082307   
082308   
082309   
082310   
082311   
082312   
082313   
082314   
082315   
082316   
082317   
082318   
082319   
082320   
082321   
082322   
082323   
082324   
082325   
082326   
082327   
082328   
082329   
082330   
082331   
082332   
082333   
082334   
082335   
082336   
082337   
082338   
082339   
082340   
082341   
082342   
082343   
082344   
082345   
082346   
082347   
082348   
082349   
082350   
082351   
082352   
082353   
082354   
082355   
082356   
082357   
082358   
082359   
082400   
082401   
082402   
082403   
082404   
082405   
082406   
082407   
082408   
082409   
082410   
082411   
082412   
082413   
082414   
082415   
082416   
082417   
082418   
082419   
082420   
082421   
082422   
082423   
082424   
082425   
082426   
082427   
082428   
082429   
082430   
082431   
082432   
082433   
082434   
082435   
082436   
082437   
082438   
082439   
082440   
082441   
082442   
082443   
082444   
082445   
082446   
082447   
082448   
082449   
082450   
082451   
082452   
082453   
082454   
082455   
082456   
082457   
082458   
082459   
082500   
082501   
082502   
082503   
082504   
082505   
082506   
082507   
082508   
082509   
082510   
082511   
082512   
082513   
082514   
082515   
082516   
082517   
082518   
082519   
082520   
082521   
082522   
082523   
082524   
082525   
082526   
082527   
082528   
082529   
082530   
082531   
082532   
082533   
082534   
082535   
082536   
082537   
082538   
082539   
082540   
082541   
082542   
082543   
082544   
082545   
082546   
082547   
082548   
082549   
082550   
082551   
082552   
082553   
082554   
082555   
082556   
082557   
082558   
082559   
082600   
082601   
082602   
082603   
082604   
082605   
082606   
082607   
082608   
082609   
082610   
082611   
082612   
082613   
082614   
082615   
082616   
082617   
082618   
082619   
082620   
082621   
082622   
082623   
082624   
082625   
082626   
082627   
082628   
082629   
082630   
082631   
082632   
082633   
082634   
082635   
082636   
082637   
082638   
082639   
082640   
082641   
082642   
082643   
082644   
082645   
082646   
082647   
082648   
082649   
082650   
082651   
082652   
082653   
082654   
082655   
082656   
082657   
082658   
082659   
082700   
082701   
082702   
082703   
082704   
082705   
082706   
082707   
082708   
082709   
082710   
082711   
082712   
082713   
082714   
082715   
082716   
082717   
082718   
082719   
082720   
082721   
082722   
082723   
082724   
082725   
082726   
082727   
082728   
082729   
082730   
082731   
082732   
082733   
082734   
082735   
082736   
082737   
082738   
082739   
082740   
082741   
082742   
082743   
082744   
082745   
082746   
082747   
082748   
082749   
082750   
082751   
082752   
082753   
082754   
082755   
082756   
082757   
082758   
082759   
082800   
082801   
082802   
082803   
082804   
082805   
082806   
082807   
082808   
082809   
082810   
082811   
082812   
082813   
082814   
082815   
082816   
082817   
082818   
082819   
082820   
082821   
082822   
082823   
082824   
082825   
082826   
082827   
082828   
082829   
082830   
082831   
082832   
082833   
082834   
082835   
082836   
082837   
082838   
082839   
082840   
082841   
082842   
082843   
082844   
082845   
082846   
082847   
082848   
082849   
082850   
082851   
082852   
082853   
082854   
082855   
082856   
082857   
082858   
082859   
082900   
082901   
082902   
082903   
082904   
082905   
082906   
082907   
082908   
082909   
082910   
082911   
082912   
082913   
082914   
082915   
082916   
082917   
082918   
082919   
082920   
082921   
082922   
082923   
082924   
082925   
082926   
082927   
082928   
082929   
082930   
082931   
082932   
082933   
082934   
082935   
082936   
082937   
082938   
082939   
082940   
082941   
082942   
082943   
082944   
082945   
082946   
082947   
082948   
082949   
082950   
082951   
082952   
082953   
082954   
082955   
082956   
082957   
082958   
082959   
083000   
083001   
083002   
083003   
083004   
083005   
083006   
083007   
083008   
083009   
083010   
083011   
083012   
083013   
083014   
083015   
083016   
083017   
083018   
083019   
083020   
083021   
083022   
083023   
083024   
083025   
083026   
083027   
083028   
083029   
083030   
083031   
083032   
083033   
083034   
083035   
083036   
083037   
083038   
083039   
083040   
083041   
083042   
083043   
083044   
083045   
083046   
083047   
083048   
083049   
083050   
083051   
083052   
083053   
083054   
083055   
083056   
083057   
083058   
083059   
083100   
083101   
083102   
083103   
083104   
083105   
083106   
083107   
083108   
083109   
083110   
083111   
083112   
083113   
083114   
083115   
083116   
083117   
083118   
083119   
083120   
083121   
083122   
083123   
083124   
083125   
083126   
083127   
083128   
083129   
083130   
083131   
083132   
083133   
083134   
083135   
083136   
083137   
083138   
083139   
083140   
083141   
083142   
083143   
083144   
083145   
083146   
083147   
083148   
083149   
083150   
083151   
083152   
083153   
083154   
083155   
083156   
083157   
083158   
083159   
083200   
083201   
083202   
083203   
083204   
083205   
083206   
083207   
083208   
083209   
083210   
083211   
083212   
083213   
083214   
083215   
083216   
083217   
083218   
083219   
083220   
083221   
083222   
083223   
083224   
083225   
083226   
083227   
083228   
083229   
083230   
083231   
083232   
083233   
083234   
083235   
083236   
083237   
083238   
083239   
083240   
083241   
083242   
083243   
083244   
083245   
083246   
083247   
083248   
083249   
083250   
083251   
083252   
083253   
083254   
083255   
083256   
083257   
083258   
083259   
083300   
083301   
083302   
083303   
083304   
083305   
083306   
083307   
083308   
083309   
083310   
083311   
083312   
083313   
083314   
083315   
083316   
083317   
083318   
083319   
083320   
083321   
083322   
083323   
083324   
083325   
083326   
083327   
083328   
083329   
083330   
083331   
083332   
083333   
083334   
083335   
083336   
083337   
083338   
083339   
083340   
083341   
083342   
083343   
083344   
083345   
083346   
083347   
083348   
083349   
083350   
083351   
083352   
083353   
083354   
083355   
083356   
083357   
083358   
083359   
083400   
083401   
083402   
083403   
083404   
083405   
083406   
083407   
083408   
083409   
083410   
083411   
083412   
083413   
083414   
083415   
083416   
083417   
083418   
083419   
083420   
083421   
083422   
083423   
083424   
083425   
083426   
083427   
083428   
083429   
083430   
083431   
083432   
083433   
083434   
083435   
083436   
083437   
083438   
083439   
083440   
083441   
083442   
083443   
083444   
083445   
083446   
083447   
083448   
083449   
083450   
083451   
083452   
083453   
083454   
083455   
083456   
083457   
083458   
083459   
083500   
083501   
083502   
083503   
083504   
083505   
083506   
083507   
083508   
083509   
083510   
083511   
083512   
083513   
083514   
083515   
083516   
083517   
083518   
083519   
083520   
083521   
083522   
083523   
083524   
083525   
083526   
083527   
083528   
083529   
083530   
083531   
083532   
083533   
083534   
083535   
083536   
083537   
083538   
083539   
083540   
083541   
083542   
083543   
083544   
083545   
083546   
083547   
083548   
083549   
083550   
083551   
083552   
083553   
083554   
083555   
083556   
083557   
083558   
083559   
083600   
083601   
083602   
083603   
083604   
083605   
083606   
083607   
083608   
083609   
083610   
083611   
083612   
083613   
083614   
083615   
083616   
083617   
083618   
083619   
083620   
083621   
083622   
083623   
083624   
083625   
083626   
083627   
083628   
083629   
083630   
083631   
083632   
083633   
083634   
083635   
083636   
083637   
083638   
083639   
083640   
083641   
083642   
083643   
083644   
083645   
083646   
083647   
083648   
083649   
083650   
083651   
083652   
083653   
083654   
083655   
083656   
083657   
083658   
083659   
083700   
083701   
083702   
083703   
083704   
083705   
083706   
083707   
083708   
083709   
083710   
083711   
083712   
083713   
083714   
083715   
083716   
083717   
083718   
083719   
083720   
083721   
083722   
083723   
083724   
083725   
083726   
083727   
083728   
083729   
083730   
083731   
083732   
083733   
083734   
083735   
083736   
083737   
083738   
083739   
083740   
083741   
083742   
083743   
083744   
083745   
083746   
083747   
083748   
083749   
083750   
083751   
083752   
083753   
083754   
083755   
083756   
083757   
083758   
083759   
083800   
083801   
083802   
083803   
083804   
083805   
083806   
083807   
083808   
083809   
083810   
083811   
083812   
083813   
083814   
083815   
083816   
083817   
083818   
083819   
083820   
083821   
083822   
083823   
083824   
083825   
083826   
083827   
083828   
083829   
083830   
083831   
083832   
083833   
083834   
083835   
083836   
083837   
083838   
083839   
083840   
083841   
083842   
083843   
083844   
083845   
083846   
083847   
083848   
083849   
083850   
083851   
083852   
083853   
083854   
083855   
083856   
083857   
083858   
083859   
083900   
083901   
083902   
083903   
083904   
083905   
083906   
083907   
083908   
083909   
083910   
083911   
083912   
083913   
083914   
083915   
083916   
083917   
083918   
083919   
083920   
083921   
083922   
083923   
083924   
083925   
083926   
083927   
083928   
083929   
083930   
083931   
083932   
083933   
083934   
083935   
083936   
083937   
083938   
083939   
083940   
083941   
083942   
083943   
083944   
083945   
083946   
083947   
083948   
083949   
083950   
083951   
083952   
083953   
083954   
083955   
083956   
083957   
083958   
083959   
084000   
084001   
084002   
084003   
084004   
084005   
084006   
084007   
084008   
084009   
084010   
084011   
084012   
084013   
084014   
084015   
084016   
084017   
084018   
084019   
084020   
084021   
084022   
084023   
084024   
084025   
084026   
084027   
084028   
084029   
084030   
084031   
084032   
084033   
084034   
084035   
084036   
084037   
084038   
084039   
084040   
084041   
084042   
084043   
084044   
084045   
084046   
084047   
084048   
084049   
084050   
084051   
084052   
084053   
084054   
084055   
084056   
084057   
084058   
084059   
084100   
084101   
084102   
084103   
084104   
084105   
084106   
084107   
084108   
084109   
084110   
084111   
084112   
084113   
084114   
084115   
084116   
084117   
084118   
084119   
084120   
084121   
084122   
084123   
084124   
084125   
084126   
084127   
084128   
084129   
084130   
084131   
084132   
084133   
084134   
084135   
084136   
084137   
084138   
084139   
084140   
084141   
084142   
084143   
084144   
084145   
084146   
084147   
084148   
084149   
084150   
084151   
084152   
084153   
084154   
084155   
084156   
084157   
084158   
084159   
084200   
084201   
084202   
084203   
084204   
084205   
084206   
084207   
084208   
084209   
084210   
084211   
084212   
084213   
084214   
084215   
084216   
084217   
084218   
084219   
084220   
084221   
084222   
084223   
084224   
084225   
084226   
084227   
084228   
084229   
084230   
084231   
084232   
084233   
084234   
084235   
084236   
084237   
084238   
084239   
084240   
084241   
084242   
084243   
084244   
084245   
084246   
084247   
084248   
084249   
084250   
084251   
084252   
084253   
084254   
084255   
084256   
084257   
084258   
084259   
084300   
084301   
084302   
084303   
084304   
084305   
084306   
084307   
084308   
084309   
084310   
084311   
084312   
084313   
084314   
084315   
084316   
084317   
084318   
084319   
084320   
084321   
084322   
084323   
084324   
084325   
084326   
084327   
084328   
084329   
084330   
084331   
084332   
084333   
084334   
084335   
084336   
084337   
084338   
084339   
084340   
084341   
084342   
084343   
084344   
084345   
084346   
084347   
084348   
084349   
084350   
084351   
084352   
084353   
084354   
084355   
084356   
084357   
084358   
084359   
084400   
084401   
084402   
084403   
084404   
084405   
084406   
084407   
084408   
084409   
084410   
084411   
084412   
084413   
084414   
084415   
084416   
084417   
084418   
084419   
084420   
084421   
084422   
084423   
084424   
084425   
084426   
084427   
084428   
084429   
084430   
084431   
084432   
084433   
084434   
084435   
084436   
084437   
084438   
084439   
084440   
084441   
084442   
084443   
084444   
084445   
084446   
084447   
084448   
084449   
084450   
084451   
084452   
084453   
084454   
084455   
084456   
084457   
084458   
084459   
084500   
084501   
084502   
084503   
084504   
084505   
084506   
084507   
084508   
084509   
084510   
084511   
084512   
084513   
084514   
084515   
084516   
084517   
084518   
084519   
084520   
084521   
084522   
084523   
084524   
084525   
084526   
084527   
084528   
084529   
084530   
084531   
084532   
084533   
084534   
084535   
084536   
084537   
084538   
084539   
084540   
084541   
084542   
084543   
084544   
084545   
084546   
084547   
084548   
084549   
084550   
084551   
084552   
084553   
084554   
084555   
084556   
084557   
084558   
084559   
084600   
084601   
084602   
084603   
084604   
084605   
084606   
084607   
084608   
084609   
084610   
084611   
084612   
084613   
084614   
084615   
084616   
084617   
084618   
084619   
084620   
084621   
084622   
084623   
084624   
084625   
084626   
084627   
084628   
084629   
084630   
084631   
084632   
084633   
084634   
084635   
084636   
084637   
084638   
084639   
084640   
084641   
084642   
084643   
084644   
084645   
084646   
084647   
084648   
084649   
084650   
084651   
084652   
084653   
084654   
084655   
084656   
084657   
084658   
084659   
084700   
084701   
084702   
084703   
084704   
084705   
084706   
084707   
084708   
084709   
084710   
084711   
084712   
084713   
084714   
084715   
084716   
084717   
084718   
084719   
084720   
084721   
084722   
084723   
084724   
084725   
084726   
084727   
084728   
084729   
084730   
084731   
084732   
084733   
084734   
084735   
084736   
084737   
084738   
084739   
084740   
084741   
084742   
084743   
084744   
084745   
084746   
084747   
084748   
084749   
084750   
084751   
084752   
084753   
084754   
084755   
084756   
084757   
084758   
084759   
084800   
084801   
084802   
084803   
084804   
084805   
084806   
084807   
084808   
084809   
084810   
084811   
084812   
084813   
084814   
084815   
084816   
084817   
084818   
084819   
084820   
084821   
084822   
084823   
084824   
084825   
084826   
084827   
084828   
084829   
084830   
084831   
084832   
084833   
084834   
084835   
084836   
084837   
084838   
084839   
084840   
084841   
084842   
084843   
084844   
084845   
084846   
084847   
084848   
084849   
084850   
084851   
084852   
084853   
084854   
084855   
084856   
084857   
084858   
084859   
084900   
084901   
084902   
084903   
084904   
084905   
084906   
084907   
084908   
084909   
084910   
084911   
084912   
084913   
084914   
084915   
084916   
084917   
084918   
084919   
084920   
084921   
084922   
084923   
084924   
084925   
084926   
084927   
084928   
084929   
084930   
084931   
084932   
084933   
084934   
084935   
084936   
084937   
084938   
084939   
084940   
084941   
084942   
084943   
084944   
084945   
084946   
084947   
084948   
084949   
084950   
084951   
084952   
084953   
084954   
084955   
084956   
084957   
084958   
084959   
085000   
085001   
085002   
085003   
085004   
085005   
085006   
085007   
085008   
085009   
085010   
085011   
085012   
085013   
085014   
085015   
085016   
085017   
085018   
085019   
085020   
085021   
085022   
085023   
085024   
085025   
085026   
085027   
085028   
085029   
085030   
085031   
085032   
085033   
085034   
085035   
085036   
085037   
085038   
085039   
085040   
085041   
085042   
085043   
085044   
085045   
085046   
085047   
085048   
085049   
085050   
085051   
085052   
085053   
085054   
085055   
085056   
085057   
085058   
085059   
085100   
085101   
085102   
085103   
085104   
085105   
085106   
085107   
085108   
085109   
085110   
085111   
085112   
085113   
085114   
085115   
085116   
085117   
085118   
085119   
085120   
085121   
085122   
085123   
085124   
085125   
085126   
085127   
085128   
085129   
085130   
085131   
085132   
085133   
085134   
085135   
085136   
085137   
085138   
085139   
085140   
085141   
085142   
085143   
085144   
085145   
085146   
085147   
085148   
085149   
085150   
085151   
085152   
085153   
085154   
085155   
085156   
085157   
085158   
085159   
085200   
085201   
085202   
085203   
085204   
085205   
085206   
085207   
085208   
085209   
085210   
085211   
085212   
085213   
085214   
085215   
085216   
085217   
085218   
085219   
085220   
085221   
085222   
085223   
085224   
085225   
085226   
085227   
085228   
085229   
085230   
085231   
085232   
085233   
085234   
085235   
085236   
085237   
085238   
085239   
085240   
085241   
085242   
085243   
085244   
085245   
085246   
085247   
085248   
085249   
085250   
085251   
085252   
085253   
085254   
085255   
085256   
085257   
085258   
085259   
085300   
085301   
085302   
085303   
085304   
085305   
085306   
085307   
085308   
085309   
085310   
085311   
085312   
085313   
085314   
085315   
085316   
085317   
085318   
085319   
085320   
085321   
085322   
085323   
085324   
085325   
085326   
085327   
085328   
085329   
085330   
085331   
085332   
085333   
085334   
085335   
085336   
085337   
085338   
085339   
085340   
085341   
085342   
085343   
085344   
085345   
085346   
085347   
085348   
085349   
085350   
085351   
085352   
085353   
085354   
085355   
085356   
085357   
085358   
085359   
085400   
085401   
085402   
085403   
085404   
085405   
085406   
085407   
085408   
085409   
085410   
085411   
085412   
085413   
085414   
085415   
085416   
085417   
085418   
085419   
085420   
085421   
085422   
085423   
085424   
085425   
085426   
085427   
085428   
085429   
085430   
085431   
085432   
085433   
085434   
085435   
085436   
085437   
085438   
085439   
085440   
085441   
085442   
085443   
085444   
085445   
085446   
085447   
085448   
085449   
085450   
085451   
085452   
085453   
085454   
085455   
085456   
085457   
085458   
085459   
085500   
085501   
085502   
085503   
085504   
085505   
085506   
085507   
085508   
085509   
085510   
085511   
085512   
085513   
085514   
085515   
085516   
085517   
085518   
085519   
085520   
085521   
085522   
085523   
085524   
085525   
085526   
085527   
085528   
085529   
085530   
085531   
085532   
085533   
085534   
085535   
085536   
085537   
085538   
085539   
085540   
085541   
085542   
085543   
085544   
085545   
085546   
085547   
085548   
085549   
085550   
085551   
085552   
085553   
085554   
085555   
085556   
085557   
085558   
085559   
085600   
085601   
085602   
085603   
085604   
085605   
085606   
085607   
085608   
085609   
085610   
085611   
085612   
085613   
085614   
085615   
085616   
085617   
085618   
085619   
085620   
085621   
085622   
085623   
085624   
085625   
085626   
085627   
085628   
085629   
085630   
085631   
085632   
085633   
085634   
085635   
085636   
085637   
085638   
085639   
085640   
085641   
085642   
085643   
085644   
085645   
085646   
085647   
085648   
085649   
085650   
085651   
085652   
085653   
085654   
085655   
085656   
085657   
085658   
085659   
085700   
085701   
085702   
085703   
085704   
085705   
085706   
085707   
085708   
085709   
085710   
085711   
085712   
085713   
085714   
085715   
085716   
085717   
085718   
085719   
085720   
085721   
085722   
085723   
085724   
085725   
085726   
085727   
085728   
085729   
085730   
085731   
085732   
085733   
085734   
085735   
085736   
085737   
085738   
085739   
085740   
085741   
085742   
085743   
085744   
085745   
085746   
085747   
085748   
085749   
085750   
085751   
085752   
085753   
085754   
085755   
085756   
085757   
085758   
085759   
085800   
085801   
085802   
085803   
085804   
085805   
085806   
085807   
085808   
085809   
085810   
085811   
085812   
085813   
085814   
085815   
085816   
085817   
085818   
085819   
085820   
085821   
085822   
085823   
085824   
085825   
085826   
085827   
085828   
085829   
085830   
085831   
085832   
085833   
085834   
085835   
085836   
085837   
085838   
085839   
085840   
085841   
085842   
085843   
085844   
085845   
085846   
085847   
085848   
085849   
085850   
085851   
085852   
085853   
085854   
085855   
085856   
085857   
085858   
085859   
085900   
085901   
085902   
085903   
085904   
085905   
085906   
085907   
085908   
085909   
085910   
085911   
085912   
085913   
085914   
085915   
085916   
085917   
085918   
085919   
085920   
085921   
085922   
085923   
085924   
085925   
085926   
085927   
085928   
085929   
085930   
085931   
085932   
085933   
085934   
085935   
085936   
085937   
085938   
085939   
085940   
085941   
085942   
085943   
085944   
085945   
085946   
085947   
085948   
085949   
085950   
085951   
085952   
085953   
085954   
085955   
085956   
085957   
085958   
085959   
