090000   
090001   
090002   
090003   
090004   
090005   
090006   
090007   
090008   
090009   
090010   
090011   
090012   
090013   
090014   
090015   
090016   
090017   
090018   
090019   
090020   
090021   
090022   
090023   
090024   
090025   
090026   
090027   
090028   
090029   
090030   
090031   
090032   
090033   
090034   
090035   
090036   
090037   
090038   
090039   
090040   
090041   
090042   
090043   
090044   
090045   
090046   
090047   
090048   
090049   
090050   
090051   
090052   
090053   
090054   
090055   
090056   
090057   
090058   
090059   
090100   
090101   
090102   
090103   
090104   
090105   
090106   
090107   
090108   
090109   
090110   
090111   
090112   
090113   
090114   
090115   
090116   
090117   
090118   
090119   
090120   
090121   
090122   
090123   
090124   
090125   
090126   
090127   
090128   
090129   
090130   
090131   
090132   
090133   
090134   
090135   
090136   
090137   
090138   
090139   
090140   
090141   
090142   
090143   
090144   
090145   
090146   
090147   
090148   
090149   
090150   
090151   
090152   
090153   
090154   
090155   
090156   
090157   
090158   
090159   
090200   
090201   
090202   
090203   
090204   
090205   
090206   
090207   
090208   
090209   
090210   
090211   
090212   
090213   
090214   
090215   
090216   
090217   
090218   
090219   
090220   
090221   
090222   
090223   
090224   
090225   
090226   
090227   
090228   
090229   
090230   
090231   
090232   
090233   
090234   
090235   
090236   
090237   
090238   
090239   
090240   
090241   
090242   
090243   
090244   
090245   
090246   
090247   
090248   
090249   
090250   
090251   
090252   
090253   
090254   
090255   
090256   
090257   
090258   
090259   
090300   
090301   
090302   
090303   
090304   
090305   
090306   
090307   
090308   
090309   
090310   
090311   
090312   
090313   
090314   
090315   
090316   
090317   
090318   
090319   
090320   
090321   
090322   
090323   
090324   
090325   
090326   
090327   
090328   
090329   
090330   
090331   
090332   
090333   
090334   
090335   
090336   
090337   
090338   
090339   
090340   
090341   
090342   
090343   
090344   
090345   
090346   
090347   
090348   
090349   
090350   
090351   
090352   
090353   
090354   
090355   
090356   
090357   
090358   
090359   
090400   
090401   
090402   
090403   
090404   
090405   
090406   
090407   
090408   
090409   
090410   
090411   
090412   
090413   
090414   
090415   
090416   
090417   
090418   
090419   
090420   
090421   
090422   
090423   
090424   
090425   
090426   
090427   
090428   
090429   
090430   
090431   
090432   
090433   
090434   
090435   
090436   
090437   
090438   
090439   
090440   
090441   
090442   
090443   
090444   
090445   
090446   
090447   
090448   
090449   
090450   
090451   
090452   
090453   
090454   
090455   
090456   
090457   
090458   
090459   
090500   
090501   
090502   
090503   
090504   
090505   
090506   
090507   
090508   
090509   
090510   
090511   
090512   
090513   
090514   
090515   
090516   
090517   
090518   
090519   
090520   
090521   
090522   
090523   
090524   
090525   
090526   
090527   
090528   
090529   
090530   
090531   
090532   
090533   
090534   
090535   
090536   
090537   
090538   
090539   
090540   
090541   
090542   
090543   
090544   
090545   
090546   
090547   
090548   
090549   
090550   
090551   
090552   
090553   
090554   
090555   
090556   
090557   
090558   
090559   
090600   
090601   
090602   
090603   
090604   
090605   
090606   
090607   
090608   
090609   
090610   
090611   
090612   
090613   
090614   
090615   
090616   
090617   
090618   
090619   
090620   
090621   
090622   
090623   
090624   
090625   
090626   
090627   
090628   
090629   
090630   
090631   
090632   
090633   
090634   
090635   
090636   
090637   
090638   
090639   
090640   
090641   
090642   
090643   
090644   
090645   
090646   
090647   
090648   
090649   
090650   
090651   
090652   
090653   
090654   
090655   
090656   
090657   
090658   
090659   
090700   
090701   
090702   
090703   
090704   
090705   
090706   
090707   
090708   
090709   
090710   
090711   
090712   
090713   
090714   
090715   
090716   
090717   
090718   
090719   
090720   
090721   
090722   
090723   
090724   
090725   
090726   
090727   
090728   
090729   
090730   
090731   
090732   
090733   
090734   
090735   
090736   
090737   
090738   
090739   
090740   
090741   
090742   
090743   
090744   
090745   
090746   
090747   
090748   
090749   
090750   
090751   
090752   
090753   
090754   
090755   
090756   
090757   
090758   
090759   
090800   
090801   
090802   
090803   
090804   
090805   
090806   
090807   
090808   
090809   
090810   
090811   
090812   
090813   
090814   
090815   
090816   
090817   
090818   
090819   
090820   
090821   
090822   
090823   
090824   
090825   
090826   
090827   
090828   
090829   
090830   
090831   
090832   
090833   
090834   
090835   
090836   
090837   
090838   
090839   
090840   
090841   
090842   
090843   
090844   
090845   
090846   
090847   
090848   
090849   
090850   
090851   
090852   
090853   
090854   
090855   
090856   
090857   
090858   
090859   
090900   
090901   
090902   
090903   
090904   
090905   
090906   
090907   
090908   
090909   
090910   
090911   
090912   
090913   
090914   
090915   
090916   
090917   
090918   
090919   
090920   
090921   
090922   
090923   
090924   
090925   
090926   
090927   
090928   
090929   
090930   
090931   
090932   
090933   
090934   
090935   
090936   
090937   
090938   
090939   
090940   
090941   
090942   
090943   
090944   
090945   
090946   
090947   
090948   
090949   
090950   
090951   
090952   
090953   
090954   
090955   
090956   
090957   
090958   
090959   
091000   
091001   
091002   
091003   
091004   
091005   
091006   
091007   
091008   
091009   
091010   
091011   
091012   
091013   
091014   
091015   
091016   
091017   
091018   
091019   
091020   
091021   
091022   
091023   
091024   
091025   
091026   
091027   
091028   
091029   
091030   
091031   
091032   
091033   
091034   
091035   
091036   
091037   
091038   
091039   
091040   
091041   
091042   
091043   
091044   
091045   
091046   
091047   
091048   
091049   
091050   
091051   
091052   
091053   
091054   
091055   
091056   
091057   
091058   
091059   
091100   
091101   
091102   
091103   
091104   
091105   
091106   
091107   
091108   
091109   
091110   
091111   
091112   
091113   
091114   
091115   
091116   
091117   
091118   
091119   
091120   
091121   
091122   
091123   
091124   
091125   
091126   
091127   
091128   
091129   
091130   
091131   
091132   
091133   
091134   
091135   
091136   
091137   
091138   
091139   
091140   
091141   
091142   
091143   
091144   
091145   
091146   
091147   
091148   
091149   
091150   
091151   
091152   
091153   
091154   
091155   
091156   
091157   
091158   
091159   
091200   
091201   
091202   
091203   
091204   
091205   
091206   
091207   
091208   
091209   
091210   
091211   
091212   
091213   
091214   
091215   
091216   
091217   
091218   
091219   
091220   
091221   
091222   
091223   
091224   
091225   
091226   
091227   
091228   
091229   
091230   
091231   
091232   
091233   
091234   
091235   
091236   
091237   
091238   
091239   
091240   
091241   
091242   
091243   
091244   
091245   
091246   
091247   
091248   
091249   
091250   
091251   
091252   
091253   
091254   
091255   
091256   
091257   
091258   
091259   
091300   
091301   
091302   
091303   
091304   
091305   
091306   
091307   
091308   
091309   
091310   
091311   
091312   
091313   
091314   
091315   
091316   
091317   
091318   
091319   
091320   
091321   
091322   
091323   
091324   
091325   
091326   
091327   
091328   
091329   
091330   
091331   
091332   
091333   
091334   
091335   
091336   
091337   
091338   
091339   
091340   
091341   
091342   
091343   
091344   
091345   
091346   
091347   
091348   
091349   
091350   
091351   
091352   
091353   
091354   
091355   
091356   
091357   
091358   
091359   
091400   
091401   
091402   
091403   
091404   
091405   
091406   
091407   
091408   
091409   
091410   
091411   
091412   
091413   
091414   
091415   
091416   
091417   
091418   
091419   
091420   
091421   
091422   
091423   
091424   
091425   
091426   
091427   
091428   
091429   
091430   
091431   
091432   
091433   
091434   
091435   
091436   
091437   
091438   
091439   
091440   
091441   
091442   
091443   
091444   
091445   
091446   
091447   
091448   
091449   
091450   
091451   
091452   
091453   
091454   
091455   
091456   
091457   
091458   
091459   
091500   
091501   
091502   
091503   
091504   
091505   
091506   
091507   
091508   
091509   
091510   
091511   
091512   
091513   
091514   
091515   
091516   
091517   
091518   
091519   
091520   
091521   
091522   
091523   
091524   
091525   
091526   
091527   
091528   
091529   
091530   
091531   
091532   
091533   
091534   
091535   
091536   
091537   
091538   
091539   
091540   
091541   
091542   
091543   
091544   
091545   
091546   
091547   
091548   
091549   
091550   
091551   
091552   
091553   
091554   
091555   
091556   
091557   
091558   
091559   
091600   
091601   
091602   
091603   
091604   
091605   
091606   
091607   
091608   
091609   
091610   
091611   
091612   
091613   
091614   
091615   
091616   
091617   
091618   
091619   
091620   
091621   
091622   
091623   
091624   
091625   
091626   
091627   
091628   
091629   
091630   
091631   
091632   
091633   
091634   
091635   
091636   
091637   
091638   
091639   
091640   
091641   
091642   
091643   
091644   
091645   
091646   
091647   
091648   
091649   
091650   
091651   
091652   
091653   
091654   
091655   
091656   
091657   
091658   
091659   
091700   
091701   
091702   
091703   
091704   
091705   
091706   
091707   
091708   
091709   
091710   
091711   
091712   
091713   
091714   
091715   
091716   
091717   
091718   
091719   
091720   
091721   
091722   
091723   
091724   
091725   
091726   
091727   
091728   
091729   
091730   
091731   
091732   
091733   
091734   
091735   
091736   
091737   
091738   
091739   
091740   
091741   
091742   
091743   
091744   
091745   
091746   
091747   
091748   
091749   
091750   
091751   
091752   
091753   
091754   
091755   
091756   
091757   
091758   
091759   
091800   
091801   
091802   
091803   
091804   
091805   
091806   
091807   
091808   
091809   
091810   
091811   
091812   
091813   
091814   
091815   
091816   
091817   
091818   
091819   
091820   
091821   
091822   
091823   
091824   
091825   
091826   
091827   
091828   
091829   
091830   
091831   
091832   
091833   
091834   
091835   
091836   
091837   
091838   
091839   
091840   
091841   
091842   
091843   
091844   
091845   
091846   
091847   
091848   
091849   
091850   
091851   
091852   
091853   
091854   
091855   
091856   
091857   
091858   
091859   
091900   
091901   
091902   
091903   
091904   
091905   
091906   
091907   
091908   
091909   
091910   
091911   
091912   
091913   
091914   
091915   
091916   
091917   
091918   
091919   
091920   
091921   
091922   
091923   
091924   
091925   
091926   
091927   
091928   
091929   
091930   
091931   
091932   
091933   
091934   
091935   
091936   
091937   
091938   
091939   
091940   
091941   
091942   
091943   
091944   
091945   
091946   
091947   
091948   
091949   
091950   
091951   
091952   
091953   
091954   
091955   
091956   
091957   
091958   
091959   
092000   
092001   
092002   
092003   
092004   
092005   
092006   
092007   
092008   
092009   
092010   
092011   
092012   
092013   
092014   
092015   
092016   
092017   
092018   
092019   
092020   
092021   
092022   
092023   
092024   
092025   
092026   
092027   
092028   
092029   
092030   
092031   
092032   
092033   
092034   
092035   
092036   
092037   
092038   
092039   
092040   
092041   
092042   
092043   
092044   
092045   
092046   
092047   
092048   
092049   
092050   
092051   
092052   
092053   
092054   
092055   
092056   
092057   
092058   
092059   
092100   
092101   
092102   
092103   
092104   
092105   
092106   
092107   
092108   
092109   
092110   
092111   
092112   
092113   
092114   
092115   
092116   
092117   
092118   
092119   
092120   
092121   
092122   
092123   
092124   
092125   
092126   
092127   
092128   
092129   
092130   
092131   
092132   
092133   
092134   
092135   
092136   
092137   
092138   
092139   
092140   
092141   
092142   
092143   
092144   
092145   
092146   
092147   
092148   
092149   
092150   
092151   
092152   
092153   
092154   
092155   
092156   
092157   
092158   
092159   
092200   
092201   
092202   
092203   
092204   
092205   
092206   
092207   
092208   
092209   
092210   
092211   
092212   
092213   
092214   
092215   
092216   
092217   
092218   
092219   
092220   
092221   
092222   
092223   
092224   
092225   
092226   
092227   
092228   
092229   
092230   
092231   
092232   
092233   
092234   
092235   
092236   
092237   
092238   
092239   
092240   
092241   
092242   
092243   
092244   
092245   
092246   
092247   
092248   
092249   
092250   
092251   
092252   
092253   
092254   
092255   
092256   
092257   
092258   
092259   
092300   
092301   
092302   
092303   
092304   
092305   
092306   
092307   
092308   
092309   
092310   
092311   
092312   
092313   
092314   
092315   
092316   
092317   
092318   
092319   
092320   
092321   
092322   
092323   
092324   
092325   
092326   
092327   
092328   
092329   
092330   
092331   
092332   
092333   
092334   
092335   
092336   
092337   
092338   
092339   
092340   
092341   
092342   
092343   
092344   
092345   
092346   
092347   
092348   
092349   
092350   
092351   
092352   
092353   
092354   
092355   
092356   
092357   
092358   
092359   
092400   
092401   
092402   
092403   
092404   
092405   
092406   
092407   
092408   
092409   
092410   
092411   
092412   
092413   
092414   
092415   
092416   
092417   
092418   
092419   
092420   
092421   
092422   
092423   
092424   
092425   
092426   
092427   
092428   
092429   
092430   
092431   
092432   
092433   
092434   
092435   
092436   
092437   
092438   
092439   
092440   
092441   
092442   
092443   
092444   
092445   
092446   
092447   
092448   
092449   
092450   
092451   
092452   
092453   
092454   
092455   
092456   
092457   
092458   
092459   
092500   
092501   
092502   
092503   
092504   
092505   
092506   
092507   
092508   
092509   
092510   
092511   
092512   
092513   
092514   
092515   
092516   
092517   
092518   
092519   
092520   
092521   
092522   
092523   
092524   
092525   
092526   
092527   
092528   
092529   
092530   
092531   
092532   
092533   
092534   
092535   
092536   
092537   
092538   
092539   
092540   
092541   
092542   
092543   
092544   
092545   
092546   
092547   
092548   
092549   
092550   
092551   
092552   
092553   
092554   
092555   
092556   
092557   
092558   
092559   
092600   
092601   
092602   
092603   
092604   
092605   
092606   
092607   
092608   
092609   
092610   
092611   
092612   
092613   
092614   
092615   
092616   
092617   
092618   
092619   
092620   
092621   
092622   
092623   
092624   
092625   
092626   
092627   
092628   
092629   
092630   
092631   
092632   
092633   
092634   
092635   
092636   
092637   
092638   
092639   
092640   
092641   
092642   
092643   
092644   
092645   
092646   
092647   
092648   
092649   
092650   
092651   
092652   
092653   
092654   
092655   
092656   
092657   
092658   
092659   
092700   
092701   
092702   
092703   
092704   
092705   
092706   
092707   
092708   
092709   
092710   
092711   
092712   
092713   
092714   
092715   
092716   
092717   
092718   
092719   
092720   
092721   
092722   
092723   
092724   
092725   
092726   
092727   
092728   
092729   
092730   
092731   
092732   
092733   
092734   
092735   
092736   
092737   
092738   
092739   
092740   
092741   
092742   
092743   
092744   
092745   
092746   
092747   
092748   
092749   
092750   
092751   
092752   
092753   
092754   
092755   
092756   
092757   
092758   
092759   
092800   
092801   
092802   
092803   
092804   
092805   
092806   
092807   
092808   
092809   
092810   
092811   
092812   
092813   
092814   
092815   
092816   
092817   
092818   
092819   
092820   
092821   
092822   
092823   
092824   
092825   
092826   
092827   
092828   
092829   
092830   
092831   
092832   
092833   
092834   
092835   
092836   
092837   
092838   
092839   
092840   
092841   
092842   
092843   
092844   
092845   
092846   
092847   
092848   
092849   
092850   
092851   
092852   
092853   
092854   
092855   
092856   
092857   
092858   
092859   
092900   
092901   
092902   
092903   
092904   
092905   
092906   
092907   
092908   
092909   
092910   
092911   
092912   
092913   
092914   
092915   
092916   
092917   
092918   
092919   
092920   
092921   
092922   
092923   
092924   
092925   
092926   
092927   
092928   
092929   
092930   
092931   
092932   
092933   
092934   
092935   
092936   
092937   
092938   
092939   
092940   
092941   
092942   
092943   
092944   
092945   
092946   
092947   
092948   
092949   
092950   
092951   
092952   
092953   
092954   
092955   
092956   
092957   
092958   
092959   
093000   
093001   
093002   
093003   
093004   
093005   
093006   
093007   
093008   
093009   
093010   
093011   
093012   
093013   
093014   
093015   
093016   
093017   
093018   
093019   
093020   
093021   
093022   
093023   
093024   
093025   
093026   
093027   
093028   
093029   
093030   
093031   
093032   
093033   
093034   
093035   
093036   
093037   
093038   
093039   
093040   
093041   
093042   
093043   
093044   
093045   
093046   
093047   
093048   
093049   
093050   
093051   
093052   
093053   
093054   
093055   
093056   
093057   
093058   
093059   
093100   
093101   
093102   
093103   
093104   
093105   
093106   
093107   
093108   
093109   
093110   
093111   
093112   
093113   
093114   
093115   
093116   
093117   
093118   
093119   
093120   
093121   
093122   
093123   
093124   
093125   
093126   
093127   
093128   
093129   
093130   
093131   
093132   
093133   
093134   
093135   
093136   
093137   
093138   
093139   
093140   
093141   
093142   
093143   
093144   
093145   
093146   
093147   
093148   
093149   
093150   
093151   
093152   
093153   
093154   
093155   
093156   
093157   
093158   
093159   
093200   
093201   
093202   
093203   
093204   
093205   
093206   
093207   
093208   
093209   
093210   
093211   
093212   
093213   
093214   
093215   
093216   
093217   
093218   
093219   
093220   
093221   
093222   
093223   
093224   
093225   
093226   
093227   
093228   
093229   
093230   
093231   
093232   
093233   
093234   
093235   
093236   
093237   
093238   
093239   
093240   
093241   
093242   
093243   
093244   
093245   
093246   
093247   
093248   
093249   
093250   
093251   
093252   
093253   
093254   
093255   
093256   
093257   
093258   
093259   
093300   
093301   
093302   
093303   
093304   
093305   
093306   
093307   
093308   
093309   
093310   
093311   
093312   
093313   
093314   
093315   
093316   
093317   
093318   
093319   
093320   
093321   
093322   
093323   
093324   
093325   
093326   
093327   
093328   
093329   
093330   
093331   
093332   
093333   
093334   
093335   
093336   
093337   
093338   
093339   
093340   
093341   
093342   
093343   
093344   
093345   
093346   
093347   
093348   
093349   
093350   
093351   
093352   
093353   
093354   
093355   
093356   
093357   
093358   
093359   
093400   
093401   
093402   
093403   
093404   
093405   
093406   
093407   
093408   
093409   
093410   
093411   
093412   
093413   
093414   
093415   
093416   
093417   
093418   
093419   
093420   
093421   
093422   
093423   
093424   
093425   
093426   
093427   
093428   
093429   
093430   
093431   
093432   
093433   
093434   
093435   
093436   
093437   
093438   
093439   
093440   
093441   
093442   
093443   
093444   
093445   
093446   
093447   
093448   
093449   
093450   
093451   
093452   
093453   
093454   
093455   
093456   
093457   
093458   
093459   
093500   
093501   
093502   
093503   
093504   
093505   
093506   
093507   
093508   
093509   
093510   
093511   
093512   
093513   
093514   
093515   
093516   
093517   
093518   
093519   
093520   
093521   
093522   
093523   
093524   
093525   
093526   
093527   
093528   
093529   
093530   
093531   
093532   
093533   
093534   
093535   
093536   
093537   
093538   
093539   
093540   
093541   
093542   
093543   
093544   
093545   
093546   
093547   
093548   
093549   
093550   
093551   
093552   
093553   
093554   
093555   
093556   
093557   
093558   
093559   
093600   
093601   
093602   
093603   
093604   
093605   
093606   
093607   
093608   
093609   
093610   
093611   
093612   
093613   
093614   
093615   
093616   
093617   
093618   
093619   
093620   
093621   
093622   
093623   
093624   
093625   
093626   
093627   
093628   
093629   
093630   
093631   
093632   
093633   
093634   
093635   
093636   
093637   
093638   
093639   
093640   
093641   
093642   
093643   
093644   
093645   
093646   
093647   
093648   
093649   
093650   
093651   
093652   
093653   
093654   
093655   
093656   
093657   
093658   
093659   
093700   
093701   
093702   
093703   
093704   
093705   
093706   
093707   
093708   
093709   
093710   
093711   
093712   
093713   
093714   
093715   
093716   
093717   
093718   
093719   
093720   
093721   
093722   
093723   
093724   
093725   
093726   
093727   
093728   
093729   
093730   
093731   
093732   
093733   
093734   
093735   
093736   
093737   
093738   
093739   
093740   
093741   
093742   
093743   
093744   
093745   
093746   
093747   
093748   
093749   
093750   
093751   
093752   
093753   
093754   
093755   
093756   
093757   
093758   
093759   
093800   
093801   
093802   
093803   
093804   
093805   
093806   
093807   
093808   
093809   
093810   
093811   
093812   
093813   
093814   
093815   
093816   
093817   
093818   
093819   
093820   
093821   
093822   
093823   
093824   
093825   
093826   
093827   
093828   
093829   
093830   
093831   
093832   
093833   
093834   
093835   
093836   
093837   
093838   
093839   
093840   
093841   
093842   
093843   
093844   
093845   
093846   
093847   
093848   
093849   
093850   
093851   
093852   
093853   
093854   
093855   
093856   
093857   
093858   
093859   
093900   
093901   
093902   
093903   
093904   
093905   
093906   
093907   
093908   
093909   
093910   
093911   
093912   
093913   
093914   
093915   
093916   
093917   
093918   
093919   
093920   
093921   
093922   
093923   
093924   
093925   
093926   
093927   
093928   
093929   
093930   
093931   
093932   
093933   
093934   
093935   
093936   
093937   
093938   
093939   
093940   
093941   
093942   
093943   
093944   
093945   
093946   
093947   
093948   
093949   
093950   
093951   
093952   
093953   
093954   
093955   
093956   
093957   
093958   
093959   
094000   
094001   
094002   
094003   
094004   
094005   
094006   
094007   
094008   
094009   
094010   
094011   
094012   
094013   
094014   
094015   
094016   
094017   
094018   
094019   
094020   
094021   
094022   
094023   
094024   
094025   
094026   
094027   
094028   
094029   
094030   
094031   
094032   
094033   
094034   
094035   
094036   
094037   
094038   
094039   
094040   
094041   
094042   
094043   
094044   
094045   
094046   
094047   
094048   
094049   
094050   
094051   
094052   
094053   
094054   
094055   
094056   
094057   
094058   
094059   
094100   
094101   
094102   
094103   
094104   
094105   
094106   
094107   
094108   
094109   
094110   
094111   
094112   
094113   
094114   
094115   
094116   
094117   
094118   
094119   
094120   
094121   
094122   
094123   
094124   
094125   
094126   
094127   
094128   
094129   
094130   
094131   
094132   
094133   
094134   
094135   
094136   
094137   
094138   
094139   
094140   
094141   
094142   
094143   
094144   
094145   
094146   
094147   
094148   
094149   
094150   
094151   
094152   
094153   
094154   
094155   
094156   
094157   
094158   
094159   
094200   
094201   
094202   
094203   
094204   
094205   
094206   
094207   
094208   
094209   
094210   
094211   
094212   
094213   
094214   
094215   
094216   
094217   
094218   
094219   
094220   
094221   
094222   
094223   
094224   
094225   
094226   
094227   
094228   
094229   
094230   
094231   
094232   
094233   
094234   
094235   
094236   
094237   
094238   
094239   
094240   
094241   
094242   
094243   
094244   
094245   
094246   
094247   
094248   
094249   
094250   
094251   
094252   
094253   
094254   
094255   
094256   
094257   
094258   
094259   
094300   
094301   
094302   
094303   
094304   
094305   
094306   
094307   
094308   
094309   
094310   
094311   
094312   
094313   
094314   
094315   
094316   
094317   
094318   
094319   
094320   
094321   
094322   
094323   
094324   
094325   
094326   
094327   
094328   
094329   
094330   
094331   
094332   
094333   
094334   
094335   
094336   
094337   
094338   
094339   
094340   
094341   
094342   
094343   
094344   
094345   
094346   
094347   
094348   
094349   
094350   
094351   
094352   
094353   
094354   
094355   
094356   
094357   
094358   
094359   
094400   
094401   
094402   
094403   
094404   
094405   
094406   
094407   
094408   
094409   
094410   
094411   
094412   
094413   
094414   
094415   
094416   
094417   
094418   
094419   
094420   
094421   
094422   
094423   
094424   
094425   
094426   
094427   
094428   
094429   
094430   
094431   
094432   
094433   
094434   
094435   
094436   
094437   
094438   
094439   
094440   
094441   
094442   
094443   
094444   
094445   
094446   
094447   
094448   
094449   
094450   
094451   
094452   
094453   
094454   
094455   
094456   
094457   
094458   
094459   
094500   
094501   
094502   
094503   
094504   
094505   
094506   
094507   
094508   
094509   
094510   
094511   
094512   
094513   
094514   
094515   
094516   
094517   
094518   
094519   
094520   
094521   
094522   
094523   
094524   
094525   
094526   
094527   
094528   
094529   
094530   
094531   
094532   
094533   
094534   
094535   
094536   
094537   
094538   
094539   
094540   
094541   
094542   
094543   
094544   
094545   
094546   
094547   
094548   
094549   
094550   
094551   
094552   
094553   
094554   
094555   
094556   
094557   
094558   
094559   
094600   
094601   
094602   
094603   
094604   
094605   
094606   
094607   
094608   
094609   
094610   
094611   
094612   
094613   
094614   
094615   
094616   
094617   
094618   
094619   
094620   
094621   
094622   
094623   
094624   
094625   
094626   
094627   
094628   
094629   
094630   
094631   
094632   
094633   
094634   
094635   
094636   
094637   
094638   
094639   
094640   
094641   
094642   
094643   
094644   
094645   
094646   
094647   
094648   
094649   
094650   
094651   
094652   
094653   
094654   
094655   
094656   
094657   
094658   
094659   
094700   
094701   
094702   
094703   
094704   
094705   
094706   
094707   
094708   
094709   
094710   
094711   
094712   
094713   
094714   
094715   
094716   
094717   
094718   
094719   
094720   
094721   
094722   
094723   
094724   
094725   
094726   
094727   
094728   
094729   
094730   
094731   
094732   
094733   
094734   
094735   
094736   
094737   
094738   
094739   
094740   
094741   
094742   
094743   
094744   
094745   
094746   
094747   
094748   
094749   
094750   
094751   
094752   
094753   
094754   
094755   
094756   
094757   
094758   
094759   
094800   
094801   
094802   
094803   
094804   
094805   
094806   
094807   
094808   
094809   
094810   
094811   
094812   
094813   
094814   
094815   
094816   
094817   
094818   
094819   
094820   
094821   
094822   
094823   
094824   
094825   
094826   
094827   
094828   
094829   
094830   
094831   
094832   
094833   
094834   
094835   
094836   
094837   
094838   
094839   
094840   
094841   
094842   
094843   
094844   
094845   
094846   
094847   
094848   
094849   
094850   
094851   
094852   
094853   
094854   
094855   
094856   
094857   
094858   
094859   
094900   
094901   
094902   
094903   
094904   
094905   
094906   
094907   
094908   
094909   
094910   
094911   
094912   
094913   
094914   
094915   
094916   
094917   
094918   
094919   
094920   
094921   
094922   
094923   
094924   
094925   
094926   
094927   
094928   
094929   
094930   
094931   
094932   
094933   
094934   
094935   
094936   
094937   
094938   
094939   
094940   
094941   
094942   
094943   
094944   
094945   
094946   
094947   
094948   
094949   
094950   
094951   
094952   
094953   
094954   
094955   
094956   
094957   
094958   
094959   
095000   
095001   
095002   
095003   
095004   
095005   
095006   
095007   
095008   
095009   
095010   
095011   
095012   
095013   
095014   
095015   
095016   
095017   
095018   
095019   
095020   
095021   
095022   
095023   
095024   
095025   
095026   
095027   
095028   
095029   
095030   
095031   
095032   
095033   
095034   
095035   
095036   
095037   
095038   
095039   
095040   
095041   
095042   
095043   
095044   
095045   
095046   
095047   
095048   
095049   
095050   
095051   
095052   
095053   
095054   
095055   
095056   
095057   
095058   
095059   
095100   
095101   
095102   
095103   
095104   
095105   
095106   
095107   
095108   
095109   
095110   
095111   
095112   
095113   
095114   
095115   
095116   
095117   
095118   
095119   
095120   
095121   
095122   
095123   
095124   
095125   
095126   
095127   
095128   
095129   
095130   
095131   
095132   
095133   
095134   
095135   
095136   
095137   
095138   
095139   
095140   
095141   
095142   
095143   
095144   
095145   
095146   
095147   
095148   
095149   
095150   
095151   
095152   
095153   
095154   
095155   
095156   
095157   
095158   
095159   
095200   
095201   
095202   
095203   
095204   
095205   
095206   
095207   
095208   
095209   
095210   
095211   
095212   
095213   
095214   
095215   
095216   
095217   
095218   
095219   
095220   
095221   
095222   
095223   
095224   
095225   
095226   
095227   
095228   
095229   
095230   
095231   
095232   
095233   
095234   
095235   
095236   
095237   
095238   
095239   
095240   
095241   
095242   
095243   
095244   
095245   
095246   
095247   
095248   
095249   
095250   
095251   
095252   
095253   
095254   
095255   
095256   
095257   
095258   
095259   
095300   
095301   
095302   
095303   
095304   
095305   
095306   
095307   
095308   
095309   
095310   
095311   
095312   
095313   
095314   
095315   
095316   
095317   
095318   
095319   
095320   
095321   
095322   
095323   
095324   
095325   
095326   
095327   
095328   
095329   
095330   
095331   
095332   
095333   
095334   
095335   
095336   
095337   
095338   
095339   
095340   
095341   
095342   
095343   
095344   
095345   
095346   
095347   
095348   
095349   
095350   
095351   
095352   
095353   
095354   
095355   
095356   
095357   
095358   
095359   
095400   
095401   
095402   
095403   
095404   
095405   
095406   
095407   
095408   
095409   
095410   
095411   
095412   
095413   
095414   
095415   
095416   
095417   
095418   
095419   
095420   
095421   
095422   
095423   
095424   
095425   
095426   
095427   
095428   
095429   
095430   
095431   
095432   
095433   
095434   
095435   
095436   
095437   
095438   
095439   
095440   
095441   
095442   
095443   
095444   
095445   
095446   
095447   
095448   
095449   
095450   
095451   
095452   
095453   
095454   
095455   
095456   
095457   
095458   
095459   
095500   
095501   
095502   
095503   
095504   
095505   
095506   
095507   
095508   
095509   
095510   
095511   
095512   
095513   
095514   
095515   
095516   
095517   
095518   
095519   
095520   
095521   
095522   
095523   
095524   
095525   
095526   
095527   
095528   
095529   
095530   
095531   
095532   
095533   
095534   
095535   
095536   
095537   
095538   
095539   
095540   
095541   
095542   
095543   
095544   
095545   
095546   
095547   
095548   
095549   
095550   
095551   
095552   
095553   
095554   
095555   
095556   
095557   
095558   
095559   
095600   
095601   
095602   
095603   
095604   
095605   
095606   
095607   
095608   
095609   
095610   
095611   
095612   
095613   
095614   
095615   
095616   
095617   
095618   
095619   
095620   
095621   
095622   
095623   
095624   
095625   
095626   
095627   
095628   
095629   
095630   
095631   
095632   
095633   
095634   
095635   
095636   
095637   
095638   
095639   
095640   
095641   
095642   
095643   
095644   
095645   
095646   
095647   
095648   
095649   
095650   
095651   
095652   
095653   
095654   
095655   
095656   
095657   
095658   
095659   
095700   
095701   
095702   
095703   
095704   
095705   
095706   
095707   
095708   
095709   
095710   
095711   
095712   
095713   
095714   
095715   
095716   
095717   
095718   
095719   
095720   
095721   
095722   
095723   
095724   
095725   
095726   
095727   
095728   
095729   
095730   
095731   
095732   
095733   
095734   
095735   
095736   
095737   
095738   
095739   
095740   
095741   
095742   
095743   
095744   
095745   
095746   
095747   
095748   
095749   
095750   
095751   
095752   
095753   
095754   
095755   
095756   
095757   
095758   
095759   
095800   
095801   
095802   
095803   
095804   
095805   
095806   
095807   
095808   
095809   
095810   
095811   
095812   
095813   
095814   
095815   
095816   
095817   
095818   
095819   
095820   
095821   
095822   
095823   
095824   
095825   
095826   
095827   
095828   
095829   
095830   
095831   
095832   
095833   
095834   
095835   
095836   
095837   
095838   
095839   
095840   
095841   
095842   
095843   
095844   
095845   
095846   
095847   
095848   
095849   
095850   
095851   
095852   
095853   
095854   
095855   
095856   
095857   
095858   
095859   
095900   
095901   
095902   
095903   
095904   
095905   
095906   
095907   
095908   
095909   
095910   
095911   
095912   
095913   
095914   
095915   
095916   
095917   
095918   
095919   
095920   
095921   
095922   
095923   
095924   
095925   
095926   
095927   
095928   
095929   
095930   
095931   
095932   
095933   
095934   
095935   
095936   
095937   
095938   
095939   
095940   
095941   
095942   
095943   
095944   
095945   
095946   
095947   
095948   
095949   
095950   
095951   
095952   
095953   
095954   
095955   
095956   
095957   
095958   
095959   
