100000   
100001   
100002   
100003   
100004   
100005   
100006   
100007   
100008   
100009   
100010   
100011   
100012   
100013   
100014   
100015   
100016   
100017   
100018   
100019   
100020   
100021   
100022   
100023   
100024   
100025   
100026   
100027   
100028   
100029   
100030   
100031   
100032   
100033   
100034   
100035   
100036   
100037   
100038   
100039   
100040   
100041   
100042   
100043   
100044   
100045   
100046   
100047   
100048   
100049   
100050   
100051   
100052   
100053   
100054   
100055   
100056   
100057   
100058   
100059   
100100   
100101   
100102   
100103   
100104   
100105   
100106   
100107   
100108   
100109   
100110   
100111   
100112   
100113   
100114   
100115   
100116   
100117   
100118   
100119   
100120   
100121   
100122   
100123   
100124   
100125   
100126   
100127   
100128   
100129   
100130   
100131   
100132   
100133   
100134   
100135   
100136   
100137   
100138   
100139   
100140   
100141   
100142   
100143   
100144   
100145   
100146   
100147   
100148   
100149   
100150   
100151   
100152   
100153   
100154   
100155   
100156   
100157   
100158   
100159   
100200   
100201   
100202   
100203   
100204   
100205   
100206   
100207   
100208   
100209   
100210   
100211   
100212   
100213   
100214   
100215   
100216   
100217   
100218   
100219   
100220   
100221   
100222   
100223   
100224   
100225   
100226   
100227   
100228   
100229   
100230   
100231   
100232   
100233   
100234   
100235   
100236   
100237   
100238   
100239   
100240   
100241   
100242   
100243   
100244   
100245   
100246   
100247   
100248   
100249   
100250   
100251   
100252   
100253   
100254   
100255   
100256   
100257   
100258   
100259   
100300   
100301   
100302   
100303   
100304   
100305   
100306   
100307   
100308   
100309   
100310   
100311   
100312   
100313   
100314   
100315   
100316   
100317   
100318   
100319   
100320   
100321   
100322   
100323   
100324   
100325   
100326   
100327   
100328   
100329   
100330   
100331   
100332   
100333   
100334   
100335   
100336   
100337   
100338   
100339   
100340   
100341   
100342   
100343   
100344   
100345   
100346   
100347   
100348   
100349   
100350   
100351   
100352   
100353   
100354   
100355   
100356   
100357   
100358   
100359   
100400   
100401   
100402   
100403   
100404   
100405   
100406   
100407   
100408   
100409   
100410   
100411   
100412   
100413   
100414   
100415   
100416   
100417   
100418   
100419   
100420   
100421   
100422   
100423   
100424   
100425   
100426   
100427   
100428   
100429   
100430   
100431   
100432   
100433   
100434   
100435   
100436   
100437   
100438   
100439   
100440   
100441   
100442   
100443   
100444   
100445   
100446   
100447   
100448   
100449   
100450   
100451   
100452   
100453   
100454   
100455   
100456   
100457   
100458   
100459   
100500   
100501   
100502   
100503   
100504   
100505   
100506   
100507   
100508   
100509   
100510   
100511   
100512   
100513   
100514   
100515   
100516   
100517   
100518   
100519   
100520   
100521   
100522   
100523   
100524   
100525   
100526   
100527   
100528   
100529   
100530   
100531   
100532   
100533   
100534   
100535   
100536   
100537   
100538   
100539   
100540   
100541   
100542   
100543   
100544   
100545   
100546   
100547   
100548   
100549   
100550   
100551   
100552   
100553   
100554   
100555   
100556   
100557   
100558   
100559   
100600   
100601   
100602   
100603   
100604   
100605   
100606   
100607   
100608   
100609   
100610   
100611   
100612   
100613   
100614   
100615   
100616   
100617   
100618   
100619   
100620   
100621   
100622   
100623   
100624   
100625   
100626   
100627   
100628   
100629   
100630   
100631   
100632   
100633   
100634   
100635   
100636   
100637   
100638   
100639   
100640   
100641   
100642   
100643   
100644   
100645   
100646   
100647   
100648   
100649   
100650   
100651   
100652   
100653   
100654   
100655   
100656   
100657   
100658   
100659   
100700   
100701   
100702   
100703   
100704   
100705   
100706   
100707   
100708   
100709   
100710   
100711   
100712   
100713   
100714   
100715   
100716   
100717   
100718   
100719   
100720   
100721   
100722   
100723   
100724   
100725   
100726   
100727   
100728   
100729   
100730   
100731   
100732   
100733   
100734   
100735   
100736   
100737   
100738   
100739   
100740   
100741   
100742   
100743   
100744   
100745   
100746   
100747   
100748   
100749   
100750   
100751   
100752   
100753   
100754   
100755   
100756   
100757   
100758   
100759   
100800   
100801   
100802   
100803   
100804   
100805   
100806   
100807   
100808   
100809   
100810   
100811   
100812   
100813   
100814   
100815   
100816   
100817   
100818   
100819   
100820   
100821   
100822   
100823   
100824   
100825   
100826   
100827   
100828   
100829   
100830   
100831   
100832   
100833   
100834   
100835   
100836   
100837   
100838   
100839   
100840   
100841   
100842   
100843   
100844   
100845   
100846   
100847   
100848   
100849   
100850   
100851   
100852   
100853   
100854   
100855   
100856   
100857   
100858   
100859   
100900   
100901   
100902   
100903   
100904   
100905   
100906   
100907   
100908   
100909   
100910   
100911   
100912   
100913   
100914   
100915   
100916   
100917   
100918   
100919   
100920   
100921   
100922   
100923   
100924   
100925   
100926   
100927   
100928   
100929   
100930   
100931   
100932   
100933   
100934   
100935   
100936   
100937   
100938   
100939   
100940   
100941   
100942   
100943   
100944   
100945   
100946   
100947   
100948   
100949   
100950   
100951   
100952   
100953   
100954   
100955   
100956   
100957   
100958   
100959   
101000   
101001   
101002   
101003   
101004   
101005   
101006   
101007   
101008   
101009   
101010   
101011   
101012   
101013   
101014   
101015   
101016   
101017   
101018   
101019   
101020   
101021   
101022   
101023   
101024   
101025   
101026   
101027   
101028   
101029   
101030   
101031   
101032   
101033   
101034   
101035   
101036   
101037   
101038   
101039   
101040   
101041   
101042   
101043   
101044   
101045   
101046   
101047   
101048   
101049   
101050   
101051   
101052   
101053   
101054   
101055   
101056   
101057   
101058   
101059   
101100   
101101   
101102   
101103   
101104   
101105   
101106   
101107   
101108   
101109   
101110   
101111   
101112   
101113   
101114   
101115   
101116   
101117   
101118   
101119   
101120   
101121   
101122   
101123   
101124   
101125   
101126   
101127   
101128   
101129   
101130   
101131   
101132   
101133   
101134   
101135   
101136   
101137   
101138   
101139   
101140   
101141   
101142   
101143   
101144   
101145   
101146   
101147   
101148   
101149   
101150   
101151   
101152   
101153   
101154   
101155   
101156   
101157   
101158   
101159   
101200   
101201   
101202   
101203   
101204   
101205   
101206   
101207   
101208   
101209   
101210   
101211   
101212   
101213   
101214   
101215   
101216   
101217   
101218   
101219   
101220   
101221   
101222   
101223   
101224   
101225   
101226   
101227   
101228   
101229   
101230   
101231   
101232   
101233   
101234   
101235   
101236   
101237   
101238   
101239   
101240   
101241   
101242   
101243   
101244   
101245   
101246   
101247   
101248   
101249   
101250   
101251   
101252   
101253   
101254   
101255   
101256   
101257   
101258   
101259   
101300   
101301   
101302   
101303   
101304   
101305   
101306   
101307   
101308   
101309   
101310   
101311   
101312   
101313   
101314   
101315   
101316   
101317   
101318   
101319   
101320   
101321   
101322   
101323   
101324   
101325   
101326   
101327   
101328   
101329   
101330   
101331   
101332   
101333   
101334   
101335   
101336   
101337   
101338   
101339   
101340   
101341   
101342   
101343   
101344   
101345   
101346   
101347   
101348   
101349   
101350   
101351   
101352   
101353   
101354   
101355   
101356   
101357   
101358   
101359   
101400   
101401   
101402   
101403   
101404   
101405   
101406   
101407   
101408   
101409   
101410   
101411   
101412   
101413   
101414   
101415   
101416   
101417   
101418   
101419   
101420   
101421   
101422   
101423   
101424   
101425   
101426   
101427   
101428   
101429   
101430   
101431   
101432   
101433   
101434   
101435   
101436   
101437   
101438   
101439   
101440   
101441   
101442   
101443   
101444   
101445   
101446   
101447   
101448   
101449   
101450   
101451   
101452   
101453   
101454   
101455   
101456   
101457   
101458   
101459   
101500   
101501   
101502   
101503   
101504   
101505   
101506   
101507   
101508   
101509   
101510   
101511   
101512   
101513   
101514   
101515   
101516   
101517   
101518   
101519   
101520   
101521   
101522   
101523   
101524   
101525   
101526   
101527   
101528   
101529   
101530   
101531   
101532   
101533   
101534   
101535   
101536   
101537   
101538   
101539   
101540   
101541   
101542   
101543   
101544   
101545   
101546   
101547   
101548   
101549   
101550   
101551   
101552   
101553   
101554   
101555   
101556   
101557   
101558   
101559   
101600   
101601   
101602   
101603   
101604   
101605   
101606   
101607   
101608   
101609   
101610   
101611   
101612   
101613   
101614   
101615   
101616   
101617   
101618   
101619   
101620   
101621   
101622   
101623   
101624   
101625   
101626   
101627   
101628   
101629   
101630   
101631   
101632   
101633   
101634   
101635   
101636   
101637   
101638   
101639   
101640   
101641   
101642   
101643   
101644   
101645   
101646   
101647   
101648   
101649   
101650   
101651   
101652   
101653   
101654   
101655   
101656   
101657   
101658   
101659   
101700   
101701   
101702   
101703   
101704   
101705   
101706   
101707   
101708   
101709   
101710   
101711   
101712   
101713   
101714   
101715   
101716   
101717   
101718   
101719   
101720   
101721   
101722   
101723   
101724   
101725   
101726   
101727   
101728   
101729   
101730   
101731   
101732   
101733   
101734   
101735   
101736   
101737   
101738   
101739   
101740   
101741   
101742   
101743   
101744   
101745   
101746   
101747   
101748   
101749   
101750   
101751   
101752   
101753   
101754   
101755   
101756   
101757   
101758   
101759   
101800   
101801   
101802   
101803   
101804   
101805   
101806   
101807   
101808   
101809   
101810   
101811   
101812   
101813   
101814   
101815   
101816   
101817   
101818   
101819   
101820   
101821   
101822   
101823   
101824   
101825   
101826   
101827   
101828   
101829   
101830   
101831   
101832   
101833   
101834   
101835   
101836   
101837   
101838   
101839   
101840   
101841   
101842   
101843   
101844   
101845   
101846   
101847   
101848   
101849   
101850   
101851   
101852   
101853   
101854   
101855   
101856   
101857   
101858   
101859   
101900   
101901   
101902   
101903   
101904   
101905   
101906   
101907   
101908   
101909   
101910   
101911   
101912   
101913   
101914   
101915   
101916   
101917   
101918   
101919   
101920   
101921   
101922   
101923   
101924   
101925   
101926   
101927   
101928   
101929   
101930   
101931   
101932   
101933   
101934   
101935   
101936   
101937   
101938   
101939   
101940   
101941   
101942   
101943   
101944   
101945   
101946   
101947   
101948   
101949   
101950   
101951   
101952   
101953   
101954   
101955   
101956   
101957   
101958   
101959   
102000   
102001   
102002   
102003   
102004   
102005   
102006   
102007   
102008   
102009   
102010   
102011   
102012   
102013   
102014   
102015   
102016   
102017   
102018   
102019   
102020   
102021   
102022   
102023   
102024   
102025   
102026   
102027   
102028   
102029   
102030   
102031   
102032   
102033   
102034   
102035   
102036   
102037   
102038   
102039   
102040   
102041   
102042   
102043   
102044   
102045   
102046   
102047   
102048   
102049   
102050   
102051   
102052   
102053   
102054   
102055   
102056   
102057   
102058   
102059   
102100   
102101   
102102   
102103   
102104   
102105   
102106   
102107   
102108   
102109   
102110   
102111   
102112   
102113   
102114   
102115   
102116   
102117   
102118   
102119   
102120   
102121   
102122   
102123   
102124   
102125   
102126   
102127   
102128   
102129   
102130   
102131   
102132   
102133   
102134   
102135   
102136   
102137   
102138   
102139   
102140   
102141   
102142   
102143   
102144   
102145   
102146   
102147   
102148   
102149   
102150   
102151   
102152   
102153   
102154   
102155   
102156   
102157   
102158   
102159   
102200   
102201   
102202   
102203   
102204   
102205   
102206   
102207   
102208   
102209   
102210   
102211   
102212   
102213   
102214   
102215   
102216   
102217   
102218   
102219   
102220   
102221   
102222   
102223   
102224   
102225   
102226   
102227   
102228   
102229   
102230   
102231   
102232   
102233   
102234   
102235   
102236   
102237   
102238   
102239   
102240   
102241   
102242   
102243   
102244   
102245   
102246   
102247   
102248   
102249   
102250   
102251   
102252   
102253   
102254   
102255   
102256   
102257   
102258   
102259   
102300   
102301   
102302   
102303   
102304   
102305   
102306   
102307   
102308   
102309   
102310   
102311   
102312   
102313   
102314   
102315   
102316   
102317   
102318   
102319   
102320   
102321   
102322   
102323   
102324   
102325   
102326   
102327   
102328   
102329   
102330   
102331   
102332   
102333   
102334   
102335   
102336   
102337   
102338   
102339   
102340   
102341   
102342   
102343   
102344   
102345   
102346   
102347   
102348   
102349   
102350   
102351   
102352   
102353   
102354   
102355   
102356   
102357   
102358   
102359   
102400   
102401   
102402   
102403   
102404   
102405   
102406   
102407   
102408   
102409   
102410   
102411   
102412   
102413   
102414   
102415   
102416   
102417   
102418   
102419   
102420   
102421   
102422   
102423   
102424   
102425   
102426   
102427   
102428   
102429   
102430   
102431   
102432   
102433   
102434   
102435   
102436   
102437   
102438   
102439   
102440   
102441   
102442   
102443   
102444   
102445   
102446   
102447   
102448   
102449   
102450   
102451   
102452   
102453   
102454   
102455   
102456   
102457   
102458   
102459   
102500   
102501   
102502   
102503   
102504   
102505   
102506   
102507   
102508   
102509   
102510   
102511   
102512   
102513   
102514   
102515   
102516   
102517   
102518   
102519   
102520   
102521   
102522   
102523   
102524   
102525   
102526   
102527   
102528   
102529   
102530   
102531   
102532   
102533   
102534   
102535   
102536   
102537   
102538   
102539   
102540   
102541   
102542   
102543   
102544   
102545   
102546   
102547   
102548   
102549   
102550   
102551   
102552   
102553   
102554   
102555   
102556   
102557   
102558   
102559   
102600   
102601   
102602   
102603   
102604   
102605   
102606   
102607   
102608   
102609   
102610   
102611   
102612   
102613   
102614   
102615   
102616   
102617   
102618   
102619   
102620   
102621   
102622   
102623   
102624   
102625   
102626   
102627   
102628   
102629   
102630   
102631   
102632   
102633   
102634   
102635   
102636   
102637   
102638   
102639   
102640   
102641   
102642   
102643   
102644   
102645   
102646   
102647   
102648   
102649   
102650   
102651   
102652   
102653   
102654   
102655   
102656   
102657   
102658   
102659   
102700   
102701   
102702   
102703   
102704   
102705   
102706   
102707   
102708   
102709   
102710   
102711   
102712   
102713   
102714   
102715   
102716   
102717   
102718   
102719   
102720   
102721   
102722   
102723   
102724   
102725   
102726   
102727   
102728   
102729   
102730   
102731   
102732   
102733   
102734   
102735   
102736   
102737   
102738   
102739   
102740   
102741   
102742   
102743   
102744   
102745   
102746   
102747   
102748   
102749   
102750   
102751   
102752   
102753   
102754   
102755   
102756   
102757   
102758   
102759   
102800   
102801   
102802   
102803   
102804   
102805   
102806   
102807   
102808   
102809   
102810   
102811   
102812   
102813   
102814   
102815   
102816   
102817   
102818   
102819   
102820   
102821   
102822   
102823   
102824   
102825   
102826   
102827   
102828   
102829   
102830   
102831   
102832   
102833   
102834   
102835   
102836   
102837   
102838   
102839   
102840   
102841   
102842   
102843   
102844   
102845   
102846   
102847   
102848   
102849   
102850   
102851   
102852   
102853   
102854   
102855   
102856   
102857   
102858   
102859   
102900   
102901   
102902   
102903   
102904   
102905   
102906   
102907   
102908   
102909   
102910   
102911   
102912   
102913   
102914   
102915   
102916   
102917   
102918   
102919   
102920   
102921   
102922   
102923   
102924   
102925   
102926   
102927   
102928   
102929   
102930   
102931   
102932   
102933   
102934   
102935   
102936   
102937   
102938   
102939   
102940   
102941   
102942   
102943   
102944   
102945   
102946   
102947   
102948   
102949   
102950   
102951   
102952   
102953   
102954   
102955   
102956   
102957   
102958   
102959   
103000   
103001   
103002   
103003   
103004   
103005   
103006   
103007   
103008   
103009   
103010   
103011   
103012   
103013   
103014   
103015   
103016   
103017   
103018   
103019   
103020   
103021   
103022   
103023   
103024   
103025   
103026   
103027   
103028   
103029   
103030   
103031   
103032   
103033   
103034   
103035   
103036   
103037   
103038   
103039   
103040   
103041   
103042   
103043   
103044   
103045   
103046   
103047   
103048   
103049   
103050   
103051   
103052   
103053   
103054   
103055   
103056   
103057   
103058   
103059   
103100   
103101   
103102   
103103   
103104   
103105   
103106   
103107   
103108   
103109   
103110   
103111   
103112   
103113   
103114   
103115   
103116   
103117   
103118   
103119   
103120   
103121   
103122   
103123   
103124   
103125   
103126   
103127   
103128   
103129   
103130   
103131   
103132   
103133   
103134   
103135   
103136   
103137   
103138   
103139   
103140   
103141   
103142   
103143   
103144   
103145   
103146   
103147   
103148   
103149   
103150   
103151   
103152   
103153   
103154   
103155   
103156   
103157   
103158   
103159   
103200   
103201   
103202   
103203   
103204   
103205   
103206   
103207   
103208   
103209   
103210   
103211   
103212   
103213   
103214   
103215   
103216   
103217   
103218   
103219   
103220   
103221   
103222   
103223   
103224   
103225   
103226   
103227   
103228   
103229   
103230   
103231   
103232   
103233   
103234   
103235   
103236   
103237   
103238   
103239   
103240   
103241   
103242   
103243   
103244   
103245   
103246   
103247   
103248   
103249   
103250   
103251   
103252   
103253   
103254   
103255   
103256   
103257   
103258   
103259   
103300   
103301   
103302   
103303   
103304   
103305   
103306   
103307   
103308   
103309   
103310   
103311   
103312   
103313   
103314   
103315   
103316   
103317   
103318   
103319   
103320   
103321   
103322   
103323   
103324   
103325   
103326   
103327   
103328   
103329   
103330   
103331   
103332   
103333   
103334   
103335   
103336   
103337   
103338   
103339   
103340   
103341   
103342   
103343   
103344   
103345   
103346   
103347   
103348   
103349   
103350   
103351   
103352   
103353   
103354   
103355   
103356   
103357   
103358   
103359   
103400   
103401   
103402   
103403   
103404   
103405   
103406   
103407   
103408   
103409   
103410   
103411   
103412   
103413   
103414   
103415   
103416   
103417   
103418   
103419   
103420   
103421   
103422   
103423   
103424   
103425   
103426   
103427   
103428   
103429   
103430   
103431   
103432   
103433   
103434   
103435   
103436   
103437   
103438   
103439   
103440   
103441   
103442   
103443   
103444   
103445   
103446   
103447   
103448   
103449   
103450   
103451   
103452   
103453   
103454   
103455   
103456   
103457   
103458   
103459   
103500   
103501   
103502   
103503   
103504   
103505   
103506   
103507   
103508   
103509   
103510   
103511   
103512   
103513   
103514   
103515   
103516   
103517   
103518   
103519   
103520   
103521   
103522   
103523   
103524   
103525   
103526   
103527   
103528   
103529   
103530   
103531   
103532   
103533   
103534   
103535   
103536   
103537   
103538   
103539   
103540   
103541   
103542   
103543   
103544   
103545   
103546   
103547   
103548   
103549   
103550   
103551   
103552   
103553   
103554   
103555   
103556   
103557   
103558   
103559   
103600   
103601   
103602   
103603   
103604   
103605   
103606   
103607   
103608   
103609   
103610   
103611   
103612   
103613   
103614   
103615   
103616   
103617   
103618   
103619   
103620   
103621   
103622   
103623   
103624   
103625   
103626   
103627   
103628   
103629   
103630   
103631   
103632   
103633   
103634   
103635   
103636   
103637   
103638   
103639   
103640   
103641   
103642   
103643   
103644   
103645   
103646   
103647   
103648   
103649   
103650   
103651   
103652   
103653   
103654   
103655   
103656   
103657   
103658   
103659   
103700   
103701   
103702   
103703   
103704   
103705   
103706   
103707   
103708   
103709   
103710   
103711   
103712   
103713   
103714   
103715   
103716   
103717   
103718   
103719   
103720   
103721   
103722   
103723   
103724   
103725   
103726   
103727   
103728   
103729   
103730   
103731   
103732   
103733   
103734   
103735   
103736   
103737   
103738   
103739   
103740   
103741   
103742   
103743   
103744   
103745   
103746   
103747   
103748   
103749   
103750   
103751   
103752   
103753   
103754   
103755   
103756   
103757   
103758   
103759   
103800   
103801   
103802   
103803   
103804   
103805   
103806   
103807   
103808   
103809   
103810   
103811   
103812   
103813   
103814   
103815   
103816   
103817   
103818   
103819   
103820   
103821   
103822   
103823   
103824   
103825   
103826   
103827   
103828   
103829   
103830   
103831   
103832   
103833   
103834   
103835   
103836   
103837   
103838   
103839   
103840   
103841   
103842   
103843   
103844   
103845   
103846   
103847   
103848   
103849   
103850   
103851   
103852   
103853   
103854   
103855   
103856   
103857   
103858   
103859   
103900   
103901   
103902   
103903   
103904   
103905   
103906   
103907   
103908   
103909   
103910   
103911   
103912   
103913   
103914   
103915   
103916   
103917   
103918   
103919   
103920   
103921   
103922   
103923   
103924   
103925   
103926   
103927   
103928   
103929   
103930   
103931   
103932   
103933   
103934   
103935   
103936   
103937   
103938   
103939   
103940   
103941   
103942   
103943   
103944   
103945   
103946   
103947   
103948   
103949   
103950   
103951   
103952   
103953   
103954   
103955   
103956   
103957   
103958   
103959   
104000   
104001   
104002   
104003   
104004   
104005   
104006   
104007   
104008   
104009   
104010   
104011   
104012   
104013   
104014   
104015   
104016   
104017   
104018   
104019   
104020   
104021   
104022   
104023   
104024   
104025   
104026   
104027   
104028   
104029   
104030   
104031   
104032   
104033   
104034   
104035   
104036   
104037   
104038   
104039   
104040   
104041   
104042   
104043   
104044   
104045   
104046   
104047   
104048   
104049   
104050   
104051   
104052   
104053   
104054   
104055   
104056   
104057   
104058   
104059   
104100   
104101   
104102   
104103   
104104   
104105   
104106   
104107   
104108   
104109   
104110   
104111   
104112   
104113   
104114   
104115   
104116   
104117   
104118   
104119   
104120   
104121   
104122   
104123   
104124   
104125   
104126   
104127   
104128   
104129   
104130   
104131   
104132   
104133   
104134   
104135   
104136   
104137   
104138   
104139   
104140   
104141   
104142   
104143   
104144   
104145   
104146   
104147   
104148   
104149   
104150   
104151   
104152   
104153   
104154   
104155   
104156   
104157   
104158   
104159   
104200   
104201   
104202   
104203   
104204   
104205   
104206   
104207   
104208   
104209   
104210   
104211   
104212   
104213   
104214   
104215   
104216   
104217   
104218   
104219   
104220   
104221   
104222   
104223   
104224   
104225   
104226   
104227   
104228   
104229   
104230   
104231   
104232   
104233   
104234   
104235   
104236   
104237   
104238   
104239   
104240   
104241   
104242   
104243   
104244   
104245   
104246   
104247   
104248   
104249   
104250   
104251   
104252   
104253   
104254   
104255   
104256   
104257   
104258   
104259   
104300   
104301   
104302   
104303   
104304   
104305   
104306   
104307   
104308   
104309   
104310   
104311   
104312   
104313   
104314   
104315   
104316   
104317   
104318   
104319   
104320   
104321   
104322   
104323   
104324   
104325   
104326   
104327   
104328   
104329   
104330   
104331   
104332   
104333   
104334   
104335   
104336   
104337   
104338   
104339   
104340   
104341   
104342   
104343   
104344   
104345   
104346   
104347   
104348   
104349   
104350   
104351   
104352   
104353   
104354   
104355   
104356   
104357   
104358   
104359   
104400   
104401   
104402   
104403   
104404   
104405   
104406   
104407   
104408   
104409   
104410   
104411   
104412   
104413   
104414   
104415   
104416   
104417   
104418   
104419   
104420   
104421   
104422   
104423   
104424   
104425   
104426   
104427   
104428   
104429   
104430   
104431   
104432   
104433   
104434   
104435   
104436   
104437   
104438   
104439   
104440   
104441   
104442   
104443   
104444   
104445   
104446   
104447   
104448   
104449   
104450   
104451   
104452   
104453   
104454   
104455   
104456   
104457   
104458   
104459   
104500   
104501   
104502   
104503   
104504   
104505   
104506   
104507   
104508   
104509   
104510   
104511   
104512   
104513   
104514   
104515   
104516   
104517   
104518   
104519   
104520   
104521   
104522   
104523   
104524   
104525   
104526   
104527   
104528   
104529   
104530   
104531   
104532   
104533   
104534   
104535   
104536   
104537   
104538   
104539   
104540   
104541   
104542   
104543   
104544   
104545   
104546   
104547   
104548   
104549   
104550   
104551   
104552   
104553   
104554   
104555   
104556   
104557   
104558   
104559   
104600   
104601   
104602   
104603   
104604   
104605   
104606   
104607   
104608   
104609   
104610   
104611   
104612   
104613   
104614   
104615   
104616   
104617   
104618   
104619   
104620   
104621   
104622   
104623   
104624   
104625   
104626   
104627   
104628   
104629   
104630   
104631   
104632   
104633   
104634   
104635   
104636   
104637   
104638   
104639   
104640   
104641   
104642   
104643   
104644   
104645   
104646   
104647   
104648   
104649   
104650   
104651   
104652   
104653   
104654   
104655   
104656   
104657   
104658   
104659   
104700   
104701   
104702   
104703   
104704   
104705   
104706   
104707   
104708   
104709   
104710   
104711   
104712   
104713   
104714   
104715   
104716   
104717   
104718   
104719   
104720   
104721   
104722   
104723   
104724   
104725   
104726   
104727   
104728   
104729   
104730   
104731   
104732   
104733   
104734   
104735   
104736   
104737   
104738   
104739   
104740   
104741   
104742   
104743   
104744   
104745   
104746   
104747   
104748   
104749   
104750   
104751   
104752   
104753   
104754   
104755   
104756   
104757   
104758   
104759   
104800   
104801   
104802   
104803   
104804   
104805   
104806   
104807   
104808   
104809   
104810   
104811   
104812   
104813   
104814   
104815   
104816   
104817   
104818   
104819   
104820   
104821   
104822   
104823   
104824   
104825   
104826   
104827   
104828   
104829   
104830   
104831   
104832   
104833   
104834   
104835   
104836   
104837   
104838   
104839   
104840   
104841   
104842   
104843   
104844   
104845   
104846   
104847   
104848   
104849   
104850   
104851   
104852   
104853   
104854   
104855   
104856   
104857   
104858   
104859   
104900   
104901   
104902   
104903   
104904   
104905   
104906   
104907   
104908   
104909   
104910   
104911   
104912   
104913   
104914   
104915   
104916   
104917   
104918   
104919   
104920   
104921   
104922   
104923   
104924   
104925   
104926   
104927   
104928   
104929   
104930   
104931   
104932   
104933   
104934   
104935   
104936   
104937   
104938   
104939   
104940   
104941   
104942   
104943   
104944   
104945   
104946   
104947   
104948   
104949   
104950   
104951   
104952   
104953   
104954   
104955   
104956   
104957   
104958   
104959   
105000   
105001   
105002   
105003   
105004   
105005   
105006   
105007   
105008   
105009   
105010   
105011   
105012   
105013   
105014   
105015   
105016   
105017   
105018   
105019   
105020   
105021   
105022   
105023   
105024   
105025   
105026   
105027   
105028   
105029   
105030   
105031   
105032   
105033   
105034   
105035   
105036   
105037   
105038   
105039   
105040   
105041   
105042   
105043   
105044   
105045   
105046   
105047   
105048   
105049   
105050   
105051   
105052   
105053   
105054   
105055   
105056   
105057   
105058   
105059   
105100   
105101   
105102   
105103   
105104   
105105   
105106   
105107   
105108   
105109   
105110   
105111   
105112   
105113   
105114   
105115   
105116   
105117   
105118   
105119   
105120   
105121   
105122   
105123   
105124   
105125   
105126   
105127   
105128   
105129   
105130   
105131   
105132   
105133   
105134   
105135   
105136   
105137   
105138   
105139   
105140   
105141   
105142   
105143   
105144   
105145   
105146   
105147   
105148   
105149   
105150   
105151   
105152   
105153   
105154   
105155   
105156   
105157   
105158   
105159   
105200   
105201   
105202   
105203   
105204   
105205   
105206   
105207   
105208   
105209   
105210   
105211   
105212   
105213   
105214   
105215   
105216   
105217   
105218   
105219   
105220   
105221   
105222   
105223   
105224   
105225   
105226   
105227   
105228   
105229   
105230   
105231   
105232   
105233   
105234   
105235   
105236   
105237   
105238   
105239   
105240   
105241   
105242   
105243   
105244   
105245   
105246   
105247   
105248   
105249   
105250   
105251   
105252   
105253   
105254   
105255   
105256   
105257   
105258   
105259   
105300   
105301   
105302   
105303   
105304   
105305   
105306   
105307   
105308   
105309   
105310   
105311   
105312   
105313   
105314   
105315   
105316   
105317   
105318   
105319   
105320   
105321   
105322   
105323   
105324   
105325   
105326   
105327   
105328   
105329   
105330   
105331   
105332   
105333   
105334   
105335   
105336   
105337   
105338   
105339   
105340   
105341   
105342   
105343   
105344   
105345   
105346   
105347   
105348   
105349   
105350   
105351   
105352   
105353   
105354   
105355   
105356   
105357   
105358   
105359   
105400   
105401   
105402   
105403   
105404   
105405   
105406   
105407   
105408   
105409   
105410   
105411   
105412   
105413   
105414   
105415   
105416   
105417   
105418   
105419   
105420   
105421   
105422   
105423   
105424   
105425   
105426   
105427   
105428   
105429   
105430   
105431   
105432   
105433   
105434   
105435   
105436   
105437   
105438   
105439   
105440   
105441   
105442   
105443   
105444   
105445   
105446   
105447   
105448   
105449   
105450   
105451   
105452   
105453   
105454   
105455   
105456   
105457   
105458   
105459   
105500   
105501   
105502   
105503   
105504   
105505   
105506   
105507   
105508   
105509   
105510   
105511   
105512   
105513   
105514   
105515   
105516   
105517   
105518   
105519   
105520   
105521   
105522   
105523   
105524   
105525   
105526   
105527   
105528   
105529   
105530   
105531   
105532   
105533   
105534   
105535   
105536   
105537   
105538   
105539   
105540   
105541   
105542   
105543   
105544   
105545   
105546   
105547   
105548   
105549   
105550   
105551   
105552   
105553   
105554   
105555   
105556   
105557   
105558   
105559   
105600   
105601   
105602   
105603   
105604   
105605   
105606   
105607   
105608   
105609   
105610   
105611   
105612   
105613   
105614   
105615   
105616   
105617   
105618   
105619   
105620   
105621   
105622   
105623   
105624   
105625   
105626   
105627   
105628   
105629   
105630   
105631   
105632   
105633   
105634   
105635   
105636   
105637   
105638   
105639   
105640   
105641   
105642   
105643   
105644   
105645   
105646   
105647   
105648   
105649   
105650   
105651   
105652   
105653   
105654   
105655   
105656   
105657   
105658   
105659   
105700   
105701   
105702   
105703   
105704   
105705   
105706   
105707   
105708   
105709   
105710   
105711   
105712   
105713   
105714   
105715   
105716   
105717   
105718   
105719   
105720   
105721   
105722   
105723   
105724   
105725   
105726   
105727   
105728   
105729   
105730   
105731   
105732   
105733   
105734   
105735   
105736   
105737   
105738   
105739   
105740   
105741   
105742   
105743   
105744   
105745   
105746   
105747   
105748   
105749   
105750   
105751   
105752   
105753   
105754   
105755   
105756   
105757   
105758   
105759   
105800   
105801   
105802   
105803   
105804   
105805   
105806   
105807   
105808   
105809   
105810   
105811   
105812   
105813   
105814   
105815   
105816   
105817   
105818   
105819   
105820   
105821   
105822   
105823   
105824   
105825   
105826   
105827   
105828   
105829   
105830   
105831   
105832   
105833   
105834   
105835   
105836   
105837   
105838   
105839   
105840   
105841   
105842   
105843   
105844   
105845   
105846   
105847   
105848   
105849   
105850   
105851   
105852   
105853   
105854   
105855   
105856   
105857   
105858   
105859   
105900   
105901   
105902   
105903   
105904   
105905   
105906   
105907   
105908   
105909   
105910   
105911   
105912   
105913   
105914   
105915   
105916   
105917   
105918   
105919   
105920   
105921   
105922   
105923   
105924   
105925   
105926   
105927   
105928   
105929   
105930   
105931   
105932   
105933   
105934   
105935   
105936   
105937   
105938   
105939   
105940   
105941   
105942   
105943   
105944   
105945   
105946   
105947   
105948   
105949   
105950   
105951   
105952   
105953   
105954   
105955   
105956   
105957   
105958   
105959   
