110000   
110001   
110002   
110003   
110004   
110005   
110006   
110007   
110008   
110009   
110010   
110011   
110012   
110013   
110014   
110015   
110016   
110017   
110018   
110019   
110020   
110021   
110022   
110023   
110024   
110025   
110026   
110027   
110028   
110029   
110030   
110031   
110032   
110033   
110034   
110035   
110036   
110037   
110038   
110039   
110040   
110041   
110042   
110043   
110044   
110045   
110046   
110047   
110048   
110049   
110050   
110051   
110052   
110053   
110054   
110055   
110056   
110057   
110058   
110059   
110100   
110101   
110102   
110103   
110104   
110105   
110106   
110107   
110108   
110109   
110110   
110111   
110112   
110113   
110114   
110115   
110116   
110117   
110118   
110119   
110120   
110121   
110122   
110123   
110124   
110125   
110126   
110127   
110128   
110129   
110130   
110131   
110132   
110133   
110134   
110135   
110136   
110137   
110138   
110139   
110140   
110141   
110142   
110143   
110144   
110145   
110146   
110147   
110148   
110149   
110150   
110151   
110152   
110153   
110154   
110155   
110156   
110157   
110158   
110159   
110200   
110201   
110202   
110203   
110204   
110205   
110206   
110207   
110208   
110209   
110210   
110211   
110212   
110213   
110214   
110215   
110216   
110217   
110218   
110219   
110220   
110221   
110222   
110223   
110224   
110225   
110226   
110227   
110228   
110229   
110230   
110231   
110232   
110233   
110234   
110235   
110236   
110237   
110238   
110239   
110240   
110241   
110242   
110243   
110244   
110245   
110246   
110247   
110248   
110249   
110250   
110251   
110252   
110253   
110254   
110255   
110256   
110257   
110258   
110259   
110300   
110301   
110302   
110303   
110304   
110305   
110306   
110307   
110308   
110309   
110310   
110311   
110312   
110313   
110314   
110315   
110316   
110317   
110318   
110319   
110320   
110321   
110322   
110323   
110324   
110325   
110326   
110327   
110328   
110329   
110330   
110331   
110332   
110333   
110334   
110335   
110336   
110337   
110338   
110339   
110340   
110341   
110342   
110343   
110344   
110345   
110346   
110347   
110348   
110349   
110350   
110351   
110352   
110353   
110354   
110355   
110356   
110357   
110358   
110359   
110400   
110401   
110402   
110403   
110404   
110405   
110406   
110407   
110408   
110409   
110410   
110411   
110412   
110413   
110414   
110415   
110416   
110417   
110418   
110419   
110420   
110421   
110422   
110423   
110424   
110425   
110426   
110427   
110428   
110429   
110430   
110431   
110432   
110433   
110434   
110435   
110436   
110437   
110438   
110439   
110440   
110441   
110442   
110443   
110444   
110445   
110446   
110447   
110448   
110449   
110450   
110451   
110452   
110453   
110454   
110455   
110456   
110457   
110458   
110459   
110500   
110501   
110502   
110503   
110504   
110505   
110506   
110507   
110508   
110509   
110510   
110511   
110512   
110513   
110514   
110515   
110516   
110517   
110518   
110519   
110520   
110521   
110522   
110523   
110524   
110525   
110526   
110527   
110528   
110529   
110530   
110531   
110532   
110533   
110534   
110535   
110536   
110537   
110538   
110539   
110540   
110541   
110542   
110543   
110544   
110545   
110546   
110547   
110548   
110549   
110550   
110551   
110552   
110553   
110554   
110555   
110556   
110557   
110558   
110559   
110600   
110601   
110602   
110603   
110604   
110605   
110606   
110607   
110608   
110609   
110610   
110611   
110612   
110613   
110614   
110615   
110616   
110617   
110618   
110619   
110620   
110621   
110622   
110623   
110624   
110625   
110626   
110627   
110628   
110629   
110630   
110631   
110632   
110633   
110634   
110635   
110636   
110637   
110638   
110639   
110640   
110641   
110642   
110643   
110644   
110645   
110646   
110647   
110648   
110649   
110650   
110651   
110652   
110653   
110654   
110655   
110656   
110657   
110658   
110659   
110700   
110701   
110702   
110703   
110704   
110705   
110706   
110707   
110708   
110709   
110710   
110711   
110712   
110713   
110714   
110715   
110716   
110717   
110718   
110719   
110720   
110721   
110722   
110723   
110724   
110725   
110726   
110727   
110728   
110729   
110730   
110731   
110732   
110733   
110734   
110735   
110736   
110737   
110738   
110739   
110740   
110741   
110742   
110743   
110744   
110745   
110746   
110747   
110748   
110749   
110750   
110751   
110752   
110753   
110754   
110755   
110756   
110757   
110758   
110759   
110800   
110801   
110802   
110803   
110804   
110805   
110806   
110807   
110808   
110809   
110810   
110811   
110812   
110813   
110814   
110815   
110816   
110817   
110818   
110819   
110820   
110821   
110822   
110823   
110824   
110825   
110826   
110827   
110828   
110829   
110830   
110831   
110832   
110833   
110834   
110835   
110836   
110837   
110838   
110839   
110840   
110841   
110842   
110843   
110844   
110845   
110846   
110847   
110848   
110849   
110850   
110851   
110852   
110853   
110854   
110855   
110856   
110857   
110858   
110859   
110900   
110901   
110902   
110903   
110904   
110905   
110906   
110907   
110908   
110909   
110910   
110911   
110912   
110913   
110914   
110915   
110916   
110917   
110918   
110919   
110920   
110921   
110922   
110923   
110924   
110925   
110926   
110927   
110928   
110929   
110930   
110931   
110932   
110933   
110934   
110935   
110936   
110937   
110938   
110939   
110940   
110941   
110942   
110943   
110944   
110945   
110946   
110947   
110948   
110949   
110950   
110951   
110952   
110953   
110954   
110955   
110956   
110957   
110958   
110959   
111000   
111001   
111002   
111003   
111004   
111005   
111006   
111007   
111008   
111009   
111010   
111011   
111012   
111013   
111014   
111015   
111016   
111017   
111018   
111019   
111020   
111021   
111022   
111023   
111024   
111025   
111026   
111027   
111028   
111029   
111030   
111031   
111032   
111033   
111034   
111035   
111036   
111037   
111038   
111039   
111040   
111041   
111042   
111043   
111044   
111045   
111046   
111047   
111048   
111049   
111050   
111051   
111052   
111053   
111054   
111055   
111056   
111057   
111058   
111059   
111100   
111101   
111102   
111103   
111104   
111105   
111106   
111107   
111108   
111109   
111110   
111111   
111112   
111113   
111114   
111115   
111116   
111117   
111118   
111119   
111120   
111121   
111122   
111123   
111124   
111125   
111126   
111127   
111128   
111129   
111130   
111131   
111132   
111133   
111134   
111135   
111136   
111137   
111138   
111139   
111140   
111141   
111142   
111143   
111144   
111145   
111146   
111147   
111148   
111149   
111150   
111151   
111152   
111153   
111154   
111155   
111156   
111157   
111158   
111159   
111200   
111201   
111202   
111203   
111204   
111205   
111206   
111207   
111208   
111209   
111210   
111211   
111212   
111213   
111214   
111215   
111216   
111217   
111218   
111219   
111220   
111221   
111222   
111223   
111224   
111225   
111226   
111227   
111228   
111229   
111230   
111231   
111232   
111233   
111234   
111235   
111236   
111237   
111238   
111239   
111240   
111241   
111242   
111243   
111244   
111245   
111246   
111247   
111248   
111249   
111250   
111251   
111252   
111253   
111254   
111255   
111256   
111257   
111258   
111259   
111300   
111301   
111302   
111303   
111304   
111305   
111306   
111307   
111308   
111309   
111310   
111311   
111312   
111313   
111314   
111315   
111316   
111317   
111318   
111319   
111320   
111321   
111322   
111323   
111324   
111325   
111326   
111327   
111328   
111329   
111330   
111331   
111332   
111333   
111334   
111335   
111336   
111337   
111338   
111339   
111340   
111341   
111342   
111343   
111344   
111345   
111346   
111347   
111348   
111349   
111350   
111351   
111352   
111353   
111354   
111355   
111356   
111357   
111358   
111359   
111400   
111401   
111402   
111403   
111404   
111405   
111406   
111407   
111408   
111409   
111410   
111411   
111412   
111413   
111414   
111415   
111416   
111417   
111418   
111419   
111420   
111421   
111422   
111423   
111424   
111425   
111426   
111427   
111428   
111429   
111430   
111431   
111432   
111433   
111434   
111435   
111436   
111437   
111438   
111439   
111440   
111441   
111442   
111443   
111444   
111445   
111446   
111447   
111448   
111449   
111450   
111451   
111452   
111453   
111454   
111455   
111456   
111457   
111458   
111459   
111500   
111501   
111502   
111503   
111504   
111505   
111506   
111507   
111508   
111509   
111510   
111511   
111512   
111513   
111514   
111515   
111516   
111517   
111518   
111519   
111520   
111521   
111522   
111523   
111524   
111525   
111526   
111527   
111528   
111529   
111530   
111531   
111532   
111533   
111534   
111535   
111536   
111537   
111538   
111539   
111540   
111541   
111542   
111543   
111544   
111545   
111546   
111547   
111548   
111549   
111550   
111551   
111552   
111553   
111554   
111555   
111556   
111557   
111558   
111559   
111600   
111601   
111602   
111603   
111604   
111605   
111606   
111607   
111608   
111609   
111610   
111611   
111612   
111613   
111614   
111615   
111616   
111617   
111618   
111619   
111620   
111621   
111622   
111623   
111624   
111625   
111626   
111627   
111628   
111629   
111630   
111631   
111632   
111633   
111634   
111635   
111636   
111637   
111638   
111639   
111640   
111641   
111642   
111643   
111644   
111645   
111646   
111647   
111648   
111649   
111650   
111651   
111652   
111653   
111654   
111655   
111656   
111657   
111658   
111659   
111700   
111701   
111702   
111703   
111704   
111705   
111706   
111707   
111708   
111709   
111710   
111711   
111712   
111713   
111714   
111715   
111716   
111717   
111718   
111719   
111720   
111721   
111722   
111723   
111724   
111725   
111726   
111727   
111728   
111729   
111730   
111731   
111732   
111733   
111734   
111735   
111736   
111737   
111738   
111739   
111740   
111741   
111742   
111743   
111744   
111745   
111746   
111747   
111748   
111749   
111750   
111751   
111752   
111753   
111754   
111755   
111756   
111757   
111758   
111759   
111800   
111801   
111802   
111803   
111804   
111805   
111806   
111807   
111808   
111809   
111810   
111811   
111812   
111813   
111814   
111815   
111816   
111817   
111818   
111819   
111820   
111821   
111822   
111823   
111824   
111825   
111826   
111827   
111828   
111829   
111830   
111831   
111832   
111833   
111834   
111835   
111836   
111837   
111838   
111839   
111840   
111841   
111842   
111843   
111844   
111845   
111846   
111847   
111848   
111849   
111850   
111851   
111852   
111853   
111854   
111855   
111856   
111857   
111858   
111859   
111900   
111901   
111902   
111903   
111904   
111905   
111906   
111907   
111908   
111909   
111910   
111911   
111912   
111913   
111914   
111915   
111916   
111917   
111918   
111919   
111920   
111921   
111922   
111923   
111924   
111925   
111926   
111927   
111928   
111929   
111930   
111931   
111932   
111933   
111934   
111935   
111936   
111937   
111938   
111939   
111940   
111941   
111942   
111943   
111944   
111945   
111946   
111947   
111948   
111949   
111950   
111951   
111952   
111953   
111954   
111955   
111956   
111957   
111958   
111959   
112000   
112001   
112002   
112003   
112004   
112005   
112006   
112007   
112008   
112009   
112010   
112011   
112012   
112013   
112014   
112015   
112016   
112017   
112018   
112019   
112020   
112021   
112022   
112023   
112024   
112025   
112026   
112027   
112028   
112029   
112030   
112031   
112032   
112033   
112034   
112035   
112036   
112037   
112038   
112039   
112040   
112041   
112042   
112043   
112044   
112045   
112046   
112047   
112048   
112049   
112050   
112051   
112052   
112053   
112054   
112055   
112056   
112057   
112058   
112059   
112100   
112101   
112102   
112103   
112104   
112105   
112106   
112107   
112108   
112109   
112110   
112111   
112112   
112113   
112114   
112115   
112116   
112117   
112118   
112119   
112120   
112121   
112122   
112123   
112124   
112125   
112126   
112127   
112128   
112129   
112130   
112131   
112132   
112133   
112134   
112135   
112136   
112137   
112138   
112139   
112140   
112141   
112142   
112143   
112144   
112145   
112146   
112147   
112148   
112149   
112150   
112151   
112152   
112153   
112154   
112155   
112156   
112157   
112158   
112159   
112200   
112201   
112202   
112203   
112204   
112205   
112206   
112207   
112208   
112209   
112210   
112211   
112212   
112213   
112214   
112215   
112216   
112217   
112218   
112219   
112220   
112221   
112222   
112223   
112224   
112225   
112226   
112227   
112228   
112229   
112230   
112231   
112232   
112233   
112234   
112235   
112236   
112237   
112238   
112239   
112240   
112241   
112242   
112243   
112244   
112245   
112246   
112247   
112248   
112249   
112250   
112251   
112252   
112253   
112254   
112255   
112256   
112257   
112258   
112259   
112300   
112301   
112302   
112303   
112304   
112305   
112306   
112307   
112308   
112309   
112310   
112311   
112312   
112313   
112314   
112315   
112316   
112317   
112318   
112319   
112320   
112321   
112322   
112323   
112324   
112325   
112326   
112327   
112328   
112329   
112330   
112331   
112332   
112333   
112334   
112335   
112336   
112337   
112338   
112339   
112340   
112341   
112342   
112343   
112344   
112345   
112346   
112347   
112348   
112349   
112350   
112351   
112352   
112353   
112354   
112355   
112356   
112357   
112358   
112359   
112400   
112401   
112402   
112403   
112404   
112405   
112406   
112407   
112408   
112409   
112410   
112411   
112412   
112413   
112414   
112415   
112416   
112417   
112418   
112419   
112420   
112421   
112422   
112423   
112424   
112425   
112426   
112427   
112428   
112429   
112430   
112431   
112432   
112433   
112434   
112435   
112436   
112437   
112438   
112439   
112440   
112441   
112442   
112443   
112444   
112445   
112446   
112447   
112448   
112449   
112450   
112451   
112452   
112453   
112454   
112455   
112456   
112457   
112458   
112459   
112500   
112501   
112502   
112503   
112504   
112505   
112506   
112507   
112508   
112509   
112510   
112511   
112512   
112513   
112514   
112515   
112516   
112517   
112518   
112519   
112520   
112521   
112522   
112523   
112524   
112525   
112526   
112527   
112528   
112529   
112530   
112531   
112532   
112533   
112534   
112535   
112536   
112537   
112538   
112539   
112540   
112541   
112542   
112543   
112544   
112545   
112546   
112547   
112548   
112549   
112550   
112551   
112552   
112553   
112554   
112555   
112556   
112557   
112558   
112559   
112600   
112601   
112602   
112603   
112604   
112605   
112606   
112607   
112608   
112609   
112610   
112611   
112612   
112613   
112614   
112615   
112616   
112617   
112618   
112619   
112620   
112621   
112622   
112623   
112624   
112625   
112626   
112627   
112628   
112629   
112630   
112631   
112632   
112633   
112634   
112635   
112636   
112637   
112638   
112639   
112640   
112641   
112642   
112643   
112644   
112645   
112646   
112647   
112648   
112649   
112650   
112651   
112652   
112653   
112654   
112655   
112656   
112657   
112658   
112659   
112700   
112701   
112702   
112703   
112704   
112705   
112706   
112707   
112708   
112709   
112710   
112711   
112712   
112713   
112714   
112715   
112716   
112717   
112718   
112719   
112720   
112721   
112722   
112723   
112724   
112725   
112726   
112727   
112728   
112729   
112730   
112731   
112732   
112733   
112734   
112735   
112736   
112737   
112738   
112739   
112740   
112741   
112742   
112743   
112744   
112745   
112746   
112747   
112748   
112749   
112750   
112751   
112752   
112753   
112754   
112755   
112756   
112757   
112758   
112759   
112800   
112801   
112802   
112803   
112804   
112805   
112806   
112807   
112808   
112809   
112810   
112811   
112812   
112813   
112814   
112815   
112816   
112817   
112818   
112819   
112820   
112821   
112822   
112823   
112824   
112825   
112826   
112827   
112828   
112829   
112830   
112831   
112832   
112833   
112834   
112835   
112836   
112837   
112838   
112839   
112840   
112841   
112842   
112843   
112844   
112845   
112846   
112847   
112848   
112849   
112850   
112851   
112852   
112853   
112854   
112855   
112856   
112857   
112858   
112859   
112900   
112901   
112902   
112903   
112904   
112905   
112906   
112907   
112908   
112909   
112910   
112911   
112912   
112913   
112914   
112915   
112916   
112917   
112918   
112919   
112920   
112921   
112922   
112923   
112924   
112925   
112926   
112927   
112928   
112929   
112930   
112931   
112932   
112933   
112934   
112935   
112936   
112937   
112938   
112939   
112940   
112941   
112942   
112943   
112944   
112945   
112946   
112947   
112948   
112949   
112950   
112951   
112952   
112953   
112954   
112955   
112956   
112957   
112958   
112959   
113000   
113001   
113002   
113003   
113004   
113005   
113006   
113007   
113008   
113009   
113010   
113011   
113012   
113013   
113014   
113015   
113016   
113017   
113018   
113019   
113020   
113021   
113022   
113023   
113024   
113025   
113026   
113027   
113028   
113029   
113030   
113031   
113032   
113033   
113034   
113035   
113036   
113037   
113038   
113039   
113040   
113041   
113042   
113043   
113044   
113045   
113046   
113047   
113048   
113049   
113050   
113051   
113052   
113053   
113054   
113055   
113056   
113057   
113058   
113059   
113100   
113101   
113102   
113103   
113104   
113105   
113106   
113107   
113108   
113109   
113110   
113111   
113112   
113113   
113114   
113115   
113116   
113117   
113118   
113119   
113120   
113121   
113122   
113123   
113124   
113125   
113126   
113127   
113128   
113129   
113130   
113131   
113132   
113133   
113134   
113135   
113136   
113137   
113138   
113139   
113140   
113141   
113142   
113143   
113144   
113145   
113146   
113147   
113148   
113149   
113150   
113151   
113152   
113153   
113154   
113155   
113156   
113157   
113158   
113159   
113200   
113201   
113202   
113203   
113204   
113205   
113206   
113207   
113208   
113209   
113210   
113211   
113212   
113213   
113214   
113215   
113216   
113217   
113218   
113219   
113220   
113221   
113222   
113223   
113224   
113225   
113226   
113227   
113228   
113229   
113230   
113231   
113232   
113233   
113234   
113235   
113236   
113237   
113238   
113239   
113240   
113241   
113242   
113243   
113244   
113245   
113246   
113247   
113248   
113249   
113250   
113251   
113252   
113253   
113254   
113255   
113256   
113257   
113258   
113259   
113300   
113301   
113302   
113303   
113304   
113305   
113306   
113307   
113308   
113309   
113310   
113311   
113312   
113313   
113314   
113315   
113316   
113317   
113318   
113319   
113320   
113321   
113322   
113323   
113324   
113325   
113326   
113327   
113328   
113329   
113330   
113331   
113332   
113333   
113334   
113335   
113336   
113337   
113338   
113339   
113340   
113341   
113342   
113343   
113344   
113345   
113346   
113347   
113348   
113349   
113350   
113351   
113352   
113353   
113354   
113355   
113356   
113357   
113358   
113359   
113400   
113401   
113402   
113403   
113404   
113405   
113406   
113407   
113408   
113409   
113410   
113411   
113412   
113413   
113414   
113415   
113416   
113417   
113418   
113419   
113420   
113421   
113422   
113423   
113424   
113425   
113426   
113427   
113428   
113429   
113430   
113431   
113432   
113433   
113434   
113435   
113436   
113437   
113438   
113439   
113440   
113441   
113442   
113443   
113444   
113445   
113446   
113447   
113448   
113449   
113450   
113451   
113452   
113453   
113454   
113455   
113456   
113457   
113458   
113459   
113500   
113501   
113502   
113503   
113504   
113505   
113506   
113507   
113508   
113509   
113510   
113511   
113512   
113513   
113514   
113515   
113516   
113517   
113518   
113519   
113520   
113521   
113522   
113523   
113524   
113525   
113526   
113527   
113528   
113529   
113530   
113531   
113532   
113533   
113534   
113535   
113536   
113537   
113538   
113539   
113540   
113541   
113542   
113543   
113544   
113545   
113546   
113547   
113548   
113549   
113550   
113551   
113552   
113553   
113554   
113555   
113556   
113557   
113558   
113559   
113600   
113601   
113602   
113603   
113604   
113605   
113606   
113607   
113608   
113609   
113610   
113611   
113612   
113613   
113614   
113615   
113616   
113617   
113618   
113619   
113620   
113621   
113622   
113623   
113624   
113625   
113626   
113627   
113628   
113629   
113630   
113631   
113632   
113633   
113634   
113635   
113636   
113637   
113638   
113639   
113640   
113641   
113642   
113643   
113644   
113645   
113646   
113647   
113648   
113649   
113650   
113651   
113652   
113653   
113654   
113655   
113656   
113657   
113658   
113659   
113700   
113701   
113702   
113703   
113704   
113705   
113706   
113707   
113708   
113709   
113710   
113711   
113712   
113713   
113714   
113715   
113716   
113717   
113718   
113719   
113720   
113721   
113722   
113723   
113724   
113725   
113726   
113727   
113728   
113729   
113730   
113731   
113732   
113733   
113734   
113735   
113736   
113737   
113738   
113739   
113740   
113741   
113742   
113743   
113744   
113745   
113746   
113747   
113748   
113749   
113750   
113751   
113752   
113753   
113754   
113755   
113756   
113757   
113758   
113759   
113800   
113801   
113802   
113803   
113804   
113805   
113806   
113807   
113808   
113809   
113810   
113811   
113812   
113813   
113814   
113815   
113816   
113817   
113818   
113819   
113820   
113821   
113822   
113823   
113824   
113825   
113826   
113827   
113828   
113829   
113830   
113831   
113832   
113833   
113834   
113835   
113836   
113837   
113838   
113839   
113840   
113841   
113842   
113843   
113844   
113845   
113846   
113847   
113848   
113849   
113850   
113851   
113852   
113853   
113854   
113855   
113856   
113857   
113858   
113859   
113900   
113901   
113902   
113903   
113904   
113905   
113906   
113907   
113908   
113909   
113910   
113911   
113912   
113913   
113914   
113915   
113916   
113917   
113918   
113919   
113920   
113921   
113922   
113923   
113924   
113925   
113926   
113927   
113928   
113929   
113930   
113931   
113932   
113933   
113934   
113935   
113936   
113937   
113938   
113939   
113940   
113941   
113942   
113943   
113944   
113945   
113946   
113947   
113948   
113949   
113950   
113951   
113952   
113953   
113954   
113955   
113956   
113957   
113958   
113959   
114000   
114001   
114002   
114003   
114004   
114005   
114006   
114007   
114008   
114009   
114010   
114011   
114012   
114013   
114014   
114015   
114016   
114017   
114018   
114019   
114020   
114021   
114022   
114023   
114024   
114025   
114026   
114027   
114028   
114029   
114030   
114031   
114032   
114033   
114034   
114035   
114036   
114037   
114038   
114039   
114040   
114041   
114042   
114043   
114044   
114045   
114046   
114047   
114048   
114049   
114050   
114051   
114052   
114053   
114054   
114055   
114056   
114057   
114058   
114059   
114100   
114101   
114102   
114103   
114104   
114105   
114106   
114107   
114108   
114109   
114110   
114111   
114112   
114113   
114114   
114115   
114116   
114117   
114118   
114119   
114120   
114121   
114122   
114123   
114124   
114125   
114126   
114127   
114128   
114129   
114130   
114131   
114132   
114133   
114134   
114135   
114136   
114137   
114138   
114139   
114140   
114141   
114142   
114143   
114144   
114145   
114146   
114147   
114148   
114149   
114150   
114151   
114152   
114153   
114154   
114155   
114156   
114157   
114158   
114159   
114200   
114201   
114202   
114203   
114204   
114205   
114206   
114207   
114208   
114209   
114210   
114211   
114212   
114213   
114214   
114215   
114216   
114217   
114218   
114219   
114220   
114221   
114222   
114223   
114224   
114225   
114226   
114227   
114228   
114229   
114230   
114231   
114232   
114233   
114234   
114235   
114236   
114237   
114238   
114239   
114240   
114241   
114242   
114243   
114244   
114245   
114246   
114247   
114248   
114249   
114250   
114251   
114252   
114253   
114254   
114255   
114256   
114257   
114258   
114259   
114300   
114301   
114302   
114303   
114304   
114305   
114306   
114307   
114308   
114309   
114310   
114311   
114312   
114313   
114314   
114315   
114316   
114317   
114318   
114319   
114320   
114321   
114322   
114323   
114324   
114325   
114326   
114327   
114328   
114329   
114330   
114331   
114332   
114333   
114334   
114335   
114336   
114337   
114338   
114339   
114340   
114341   
114342   
114343   
114344   
114345   
114346   
114347   
114348   
114349   
114350   
114351   
114352   
114353   
114354   
114355   
114356   
114357   
114358   
114359   
114400   
114401   
114402   
114403   
114404   
114405   
114406   
114407   
114408   
114409   
114410   
114411   
114412   
114413   
114414   
114415   
114416   
114417   
114418   
114419   
114420   
114421   
114422   
114423   
114424   
114425   
114426   
114427   
114428   
114429   
114430   
114431   
114432   
114433   
114434   
114435   
114436   
114437   
114438   
114439   
114440   
114441   
114442   
114443   
114444   
114445   
114446   
114447   
114448   
114449   
114450   
114451   
114452   
114453   
114454   
114455   
114456   
114457   
114458   
114459   
114500   
114501   
114502   
114503   
114504   
114505   
114506   
114507   
114508   
114509   
114510   
114511   
114512   
114513   
114514   
114515   
114516   
114517   
114518   
114519   
114520   
114521   
114522   
114523   
114524   
114525   
114526   
114527   
114528   
114529   
114530   
114531   
114532   
114533   
114534   
114535   
114536   
114537   
114538   
114539   
114540   
114541   
114542   
114543   
114544   
114545   
114546   
114547   
114548   
114549   
114550   
114551   
114552   
114553   
114554   
114555   
114556   
114557   
114558   
114559   
114600   
114601   
114602   
114603   
114604   
114605   
114606   
114607   
114608   
114609   
114610   
114611   
114612   
114613   
114614   
114615   
114616   
114617   
114618   
114619   
114620   
114621   
114622   
114623   
114624   
114625   
114626   
114627   
114628   
114629   
114630   
114631   
114632   
114633   
114634   
114635   
114636   
114637   
114638   
114639   
114640   
114641   
114642   
114643   
114644   
114645   
114646   
114647   
114648   
114649   
114650   
114651   
114652   
114653   
114654   
114655   
114656   
114657   
114658   
114659   
114700   
114701   
114702   
114703   
114704   
114705   
114706   
114707   
114708   
114709   
114710   
114711   
114712   
114713   
114714   
114715   
114716   
114717   
114718   
114719   
114720   
114721   
114722   
114723   
114724   
114725   
114726   
114727   
114728   
114729   
114730   
114731   
114732   
114733   
114734   
114735   
114736   
114737   
114738   
114739   
114740   
114741   
114742   
114743   
114744   
114745   
114746   
114747   
114748   
114749   
114750   
114751   
114752   
114753   
114754   
114755   
114756   
114757   
114758   
114759   
114800   
114801   
114802   
114803   
114804   
114805   
114806   
114807   
114808   
114809   
114810   
114811   
114812   
114813   
114814   
114815   
114816   
114817   
114818   
114819   
114820   
114821   
114822   
114823   
114824   
114825   
114826   
114827   
114828   
114829   
114830   
114831   
114832   
114833   
114834   
114835   
114836   
114837   
114838   
114839   
114840   
114841   
114842   
114843   
114844   
114845   
114846   
114847   
114848   
114849   
114850   
114851   
114852   
114853   
114854   
114855   
114856   
114857   
114858   
114859   
114900   
114901   
114902   
114903   
114904   
114905   
114906   
114907   
114908   
114909   
114910   
114911   
114912   
114913   
114914   
114915   
114916   
114917   
114918   
114919   
114920   
114921   
114922   
114923   
114924   
114925   
114926   
114927   
114928   
114929   
114930   
114931   
114932   
114933   
114934   
114935   
114936   
114937   
114938   
114939   
114940   
114941   
114942   
114943   
114944   
114945   
114946   
114947   
114948   
114949   
114950   
114951   
114952   
114953   
114954   
114955   
114956   
114957   
114958   
114959   
115000   
115001   
115002   
115003   
115004   
115005   
115006   
115007   
115008   
115009   
115010   
115011   
115012   
115013   
115014   
115015   
115016   
115017   
115018   
115019   
115020   
115021   
115022   
115023   
115024   
115025   
115026   
115027   
115028   
115029   
115030   
115031   
115032   
115033   
115034   
115035   
115036   
115037   
115038   
115039   
115040   
115041   
115042   
115043   
115044   
115045   
115046   
115047   
115048   
115049   
115050   
115051   
115052   
115053   
115054   
115055   
115056   
115057   
115058   
115059   
115100   
115101   
115102   
115103   
115104   
115105   
115106   
115107   
115108   
115109   
115110   
115111   
115112   
115113   
115114   
115115   
115116   
115117   
115118   
115119   
115120   
115121   
115122   
115123   
115124   
115125   
115126   
115127   
115128   
115129   
115130   
115131   
115132   
115133   
115134   
115135   
115136   
115137   
115138   
115139   
115140   
115141   
115142   
115143   
115144   
115145   
115146   
115147   
115148   
115149   
115150   
115151   
115152   
115153   
115154   
115155   
115156   
115157   
115158   
115159   
115200   
115201   
115202   
115203   
115204   
115205   
115206   
115207   
115208   
115209   
115210   
115211   
115212   
115213   
115214   
115215   
115216   
115217   
115218   
115219   
115220   
115221   
115222   
115223   
115224   
115225   
115226   
115227   
115228   
115229   
115230   
115231   
115232   
115233   
115234   
115235   
115236   
115237   
115238   
115239   
115240   
115241   
115242   
115243   
115244   
115245   
115246   
115247   
115248   
115249   
115250   
115251   
115252   
115253   
115254   
115255   
115256   
115257   
115258   
115259   
115300   
115301   
115302   
115303   
115304   
115305   
115306   
115307   
115308   
115309   
115310   
115311   
115312   
115313   
115314   
115315   
115316   
115317   
115318   
115319   
115320   
115321   
115322   
115323   
115324   
115325   
115326   
115327   
115328   
115329   
115330   
115331   
115332   
115333   
115334   
115335   
115336   
115337   
115338   
115339   
115340   
115341   
115342   
115343   
115344   
115345   
115346   
115347   
115348   
115349   
115350   
115351   
115352   
115353   
115354   
115355   
115356   
115357   
115358   
115359   
115400   
115401   
115402   
115403   
115404   
115405   
115406   
115407   
115408   
115409   
115410   
115411   
115412   
115413   
115414   
115415   
115416   
115417   
115418   
115419   
115420   
115421   
115422   
115423   
115424   
115425   
115426   
115427   
115428   
115429   
115430   
115431   
115432   
115433   
115434   
115435   
115436   
115437   
115438   
115439   
115440   
115441   
115442   
115443   
115444   
115445   
115446   
115447   
115448   
115449   
115450   
115451   
115452   
115453   
115454   
115455   
115456   
115457   
115458   
115459   
115500   
115501   
115502   
115503   
115504   
115505   
115506   
115507   
115508   
115509   
115510   
115511   
115512   
115513   
115514   
115515   
115516   
115517   
115518   
115519   
115520   
115521   
115522   
115523   
115524   
115525   
115526   
115527   
115528   
115529   
115530   
115531   
115532   
115533   
115534   
115535   
115536   
115537   
115538   
115539   
115540   
115541   
115542   
115543   
115544   
115545   
115546   
115547   
115548   
115549   
115550   
115551   
115552   
115553   
115554   
115555   
115556   
115557   
115558   
115559   
115600   
115601   
115602   
115603   
115604   
115605   
115606   
115607   
115608   
115609   
115610   
115611   
115612   
115613   
115614   
115615   
115616   
115617   
115618   
115619   
115620   
115621   
115622   
115623   
115624   
115625   
115626   
115627   
115628   
115629   
115630   
115631   
115632   
115633   
115634   
115635   
115636   
115637   
115638   
115639   
115640   
115641   
115642   
115643   
115644   
115645   
115646   
115647   
115648   
115649   
115650   
115651   
115652   
115653   
115654   
115655   
115656   
115657   
115658   
115659   
115700   
115701   
115702   
115703   
115704   
115705   
115706   
115707   
115708   
115709   
115710   
115711   
115712   
115713   
115714   
115715   
115716   
115717   
115718   
115719   
115720   
115721   
115722   
115723   
115724   
115725   
115726   
115727   
115728   
115729   
115730   
115731   
115732   
115733   
115734   
115735   
115736   
115737   
115738   
115739   
115740   
115741   
115742   
115743   
115744   
115745   
115746   
115747   
115748   
115749   
115750   
115751   
115752   
115753   
115754   
115755   
115756   
115757   
115758   
115759   
115800   
115801   
115802   
115803   
115804   
115805   
115806   
115807   
115808   
115809   
115810   
115811   
115812   
115813   
115814   
115815   
115816   
115817   
115818   
115819   
115820   
115821   
115822   
115823   
115824   
115825   
115826   
115827   
115828   
115829   
115830   
115831   
115832   
115833   
115834   
115835   
115836   
115837   
115838   
115839   
115840   
115841   
115842   
115843   
115844   
115845   
115846   
115847   
115848   
115849   
115850   
115851   
115852   
115853   
115854   
115855   
115856   
115857   
115858   
115859   
115900   
115901   
115902   
115903   
115904   
115905   
115906   
115907   
115908   
115909   
115910   
115911   
115912   
115913   
115914   
115915   
115916   
115917   
115918   
115919   
115920   
115921   
115922   
115923   
115924   
115925   
115926   
115927   
115928   
115929   
115930   
115931   
115932   
115933   
115934   
115935   
115936   
115937   
115938   
115939   
115940   
115941   
115942   
115943   
115944   
115945   
115946   
115947   
115948   
115949   
115950   
115951   
115952   
115953   
115954   
115955   
115956   
115957   
115958   
115959   
