120000   
120001   
120002   
120003   
120004   
120005   
120006   
120007   
120008   
120009   
120010   
120011   
120012   
120013   
120014   
120015   
120016   
120017   
120018   
120019   
120020   
120021   
120022   
120023   
120024   
120025   
120026   
120027   
120028   
120029   
120030   
120031   
120032   
120033   
120034   
120035   
120036   
120037   
120038   
120039   
120040   
120041   
120042   
120043   
120044   
120045   
120046   
120047   
120048   
120049   
120050   
120051   
120052   
120053   
120054   
120055   
120056   
120057   
120058   
120059   
120100   
120101   
120102   
120103   
120104   
120105   
120106   
120107   
120108   
120109   
120110   
120111   
120112   
120113   
120114   
120115   
120116   
120117   
120118   
120119   
120120   
120121   
120122   
120123   
120124   
120125   
120126   
120127   
120128   
120129   
120130   
120131   
120132   
120133   
120134   
120135   
120136   
120137   
120138   
120139   
120140   
120141   
120142   
120143   
120144   
120145   
120146   
120147   
120148   
120149   
120150   
120151   
120152   
120153   
120154   
120155   
120156   
120157   
120158   
120159   
120200   
120201   
120202   
120203   
120204   
120205   
120206   
120207   
120208   
120209   
120210   
120211   
120212   
120213   
120214   
120215   
120216   
120217   
120218   
120219   
120220   
120221   
120222   
120223   
120224   
120225   
120226   
120227   
120228   
120229   
120230   
120231   
120232   
120233   
120234   
120235   
120236   
120237   
120238   
120239   
120240   
120241   
120242   
120243   
120244   
120245   
120246   
120247   
120248   
120249   
120250   
120251   
120252   
120253   
120254   
120255   
120256   
120257   
120258   
120259   
120300   
120301   
120302   
120303   
120304   
120305   
120306   
120307   
120308   
120309   
120310   
120311   
120312   
120313   
120314   
120315   
120316   
120317   
120318   
120319   
120320   
120321   
120322   
120323   
120324   
120325   
120326   
120327   
120328   
120329   
120330   
120331   
120332   
120333   
120334   
120335   
120336   
120337   
120338   
120339   
120340   
120341   
120342   
120343   
120344   
120345   
120346   
120347   
120348   
120349   
120350   
120351   
120352   
120353   
120354   
120355   
120356   
120357   
120358   
120359   
120400   
120401   
120402   
120403   
120404   
120405   
120406   
120407   
120408   
120409   
120410   
120411   
120412   
120413   
120414   
120415   
120416   
120417   
120418   
120419   
120420   
120421   
120422   
120423   
120424   
120425   
120426   
120427   
120428   
120429   
120430   
120431   
120432   
120433   
120434   
120435   
120436   
120437   
120438   
120439   
120440   
120441   
120442   
120443   
120444   
120445   
120446   
120447   
120448   
120449   
120450   
120451   
120452   
120453   
120454   
120455   
120456   
120457   
120458   
120459   
120500   
120501   
120502   
120503   
120504   
120505   
120506   
120507   
120508   
120509   
120510   
120511   
120512   
120513   
120514   
120515   
120516   
120517   
120518   
120519   
120520   
120521   
120522   
120523   
120524   
120525   
120526   
120527   
120528   
120529   
120530   
120531   
120532   
120533   
120534   
120535   
120536   
120537   
120538   
120539   
120540   
120541   
120542   
120543   
120544   
120545   
120546   
120547   
120548   
120549   
120550   
120551   
120552   
120553   
120554   
120555   
120556   
120557   
120558   
120559   
120600   
120601   
120602   
120603   
120604   
120605   
120606   
120607   
120608   
120609   
120610   
120611   
120612   
120613   
120614   
120615   
120616   
120617   
120618   
120619   
120620   
120621   
120622   
120623   
120624   
120625   
120626   
120627   
120628   
120629   
120630   
120631   
120632   
120633   
120634   
120635   
120636   
120637   
120638   
120639   
120640   
120641   
120642   
120643   
120644   
120645   
120646   
120647   
120648   
120649   
120650   
120651   
120652   
120653   
120654   
120655   
120656   
120657   
120658   
120659   
120700   
120701   
120702   
120703   
120704   
120705   
120706   
120707   
120708   
120709   
120710   
120711   
120712   
120713   
120714   
120715   
120716   
120717   
120718   
120719   
120720   
120721   
120722   
120723   
120724   
120725   
120726   
120727   
120728   
120729   
120730   
120731   
120732   
120733   
120734   
120735   
120736   
120737   
120738   
120739   
120740   
120741   
120742   
120743   
120744   
120745   
120746   
120747   
120748   
120749   
120750   
120751   
120752   
120753   
120754   
120755   
120756   
120757   
120758   
120759   
120800   
120801   
120802   
120803   
120804   
120805   
120806   
120807   
120808   
120809   
120810   
120811   
120812   
120813   
120814   
120815   
120816   
120817   
120818   
120819   
120820   
120821   
120822   
120823   
120824   
120825   
120826   
120827   
120828   
120829   
120830   
120831   
120832   
120833   
120834   
120835   
120836   
120837   
120838   
120839   
120840   
120841   
120842   
120843   
120844   
120845   
120846   
120847   
120848   
120849   
120850   
120851   
120852   
120853   
120854   
120855   
120856   
120857   
120858   
120859   
120900   
120901   
120902   
120903   
120904   
120905   
120906   
120907   
120908   
120909   
120910   
120911   
120912   
120913   
120914   
120915   
120916   
120917   
120918   
120919   
120920   
120921   
120922   
120923   
120924   
120925   
120926   
120927   
120928   
120929   
120930   
120931   
120932   
120933   
120934   
120935   
120936   
120937   
120938   
120939   
120940   
120941   
120942   
120943   
120944   
120945   
120946   
120947   
120948   
120949   
120950   
120951   
120952   
120953   
120954   
120955   
120956   
120957   
120958   
120959   
121000   
121001   
121002   
121003   
121004   
121005   
121006   
121007   
121008   
121009   
121010   
121011   
121012   
121013   
121014   
121015   
121016   
121017   
121018   
121019   
121020   
121021   
121022   
121023   
121024   
121025   
121026   
121027   
121028   
121029   
121030   
121031   
121032   
121033   
121034   
121035   
121036   
121037   
121038   
121039   
121040   
121041   
121042   
121043   
121044   
121045   
121046   
121047   
121048   
121049   
121050   
121051   
121052   
121053   
121054   
121055   
121056   
121057   
121058   
121059   
121100   
121101   
121102   
121103   
121104   
121105   
121106   
121107   
121108   
121109   
121110   
121111   
121112   
121113   
121114   
121115   
121116   
121117   
121118   
121119   
121120   
121121   
121122   
121123   
121124   
121125   
121126   
121127   
121128   
121129   
121130   
121131   
121132   
121133   
121134   
121135   
121136   
121137   
121138   
121139   
121140   
121141   
121142   
121143   
121144   
121145   
121146   
121147   
121148   
121149   
121150   
121151   
121152   
121153   
121154   
121155   
121156   
121157   
121158   
121159   
121200   
121201   
121202   
121203   
121204   
121205   
121206   
121207   
121208   
121209   
121210   
121211   
121212   
121213   
121214   
121215   
121216   
121217   
121218   
121219   
121220   
121221   
121222   
121223   
121224   
121225   
121226   
121227   
121228   
121229   
121230   
121231   
121232   
121233   
121234   
121235   
121236   
121237   
121238   
121239   
121240   
121241   
121242   
121243   
121244   
121245   
121246   
121247   
121248   
121249   
121250   
121251   
121252   
121253   
121254   
121255   
121256   
121257   
121258   
121259   
121300   
121301   
121302   
121303   
121304   
121305   
121306   
121307   
121308   
121309   
121310   
121311   
121312   
121313   
121314   
121315   
121316   
121317   
121318   
121319   
121320   
121321   
121322   
121323   
121324   
121325   
121326   
121327   
121328   
121329   
121330   
121331   
121332   
121333   
121334   
121335   
121336   
121337   
121338   
121339   
121340   
121341   
121342   
121343   
121344   
121345   
121346   
121347   
121348   
121349   
121350   
121351   
121352   
121353   
121354   
121355   
121356   
121357   
121358   
121359   
121400   
121401   
121402   
121403   
121404   
121405   
121406   
121407   
121408   
121409   
121410   
121411   
121412   
121413   
121414   
121415   
121416   
121417   
121418   
121419   
121420   
121421   
121422   
121423   
121424   
121425   
121426   
121427   
121428   
121429   
121430   
121431   
121432   
121433   
121434   
121435   
121436   
121437   
121438   
121439   
121440   
121441   
121442   
121443   
121444   
121445   
121446   
121447   
121448   
121449   
121450   
121451   
121452   
121453   
121454   
121455   
121456   
121457   
121458   
121459   
121500   
121501   
121502   
121503   
121504   
121505   
121506   
121507   
121508   
121509   
121510   
121511   
121512   
121513   
121514   
121515   
121516   
121517   
121518   
121519   
121520   
121521   
121522   
121523   
121524   
121525   
121526   
121527   
121528   
121529   
121530   
121531   
121532   
121533   
121534   
121535   
121536   
121537   
121538   
121539   
121540   
121541   
121542   
121543   
121544   
121545   
121546   
121547   
121548   
121549   
121550   
121551   
121552   
121553   
121554   
121555   
121556   
121557   
121558   
121559   
121600   
121601   
121602   
121603   
121604   
121605   
121606   
121607   
121608   
121609   
121610   
121611   
121612   
121613   
121614   
121615   
121616   
121617   
121618   
121619   
121620   
121621   
121622   
121623   
121624   
121625   
121626   
121627   
121628   
121629   
121630   
121631   
121632   
121633   
121634   
121635   
121636   
121637   
121638   
121639   
121640   
121641   
121642   
121643   
121644   
121645   
121646   
121647   
121648   
121649   
121650   
121651   
121652   
121653   
121654   
121655   
121656   
121657   
121658   
121659   
121700   
121701   
121702   
121703   
121704   
121705   
121706   
121707   
121708   
121709   
121710   
121711   
121712   
121713   
121714   
121715   
121716   
121717   
121718   
121719   
121720   
121721   
121722   
121723   
121724   
121725   
121726   
121727   
121728   
121729   
121730   
121731   
121732   
121733   
121734   
121735   
121736   
121737   
121738   
121739   
121740   
121741   
121742   
121743   
121744   
121745   
121746   
121747   
121748   
121749   
121750   
121751   
121752   
121753   
121754   
121755   
121756   
121757   
121758   
121759   
121800   
121801   
121802   
121803   
121804   
121805   
121806   
121807   
121808   
121809   
121810   
121811   
121812   
121813   
121814   
121815   
121816   
121817   
121818   
121819   
121820   
121821   
121822   
121823   
121824   
121825   
121826   
121827   
121828   
121829   
121830   
121831   
121832   
121833   
121834   
121835   
121836   
121837   
121838   
121839   
121840   
121841   
121842   
121843   
121844   
121845   
121846   
121847   
121848   
121849   
121850   
121851   
121852   
121853   
121854   
121855   
121856   
121857   
121858   
121859   
121900   
121901   
121902   
121903   
121904   
121905   
121906   
121907   
121908   
121909   
121910   
121911   
121912   
121913   
121914   
121915   
121916   
121917   
121918   
121919   
121920   
121921   
121922   
121923   
121924   
121925   
121926   
121927   
121928   
121929   
121930   
121931   
121932   
121933   
121934   
121935   
121936   
121937   
121938   
121939   
121940   
121941   
121942   
121943   
121944   
121945   
121946   
121947   
121948   
121949   
121950   
121951   
121952   
121953   
121954   
121955   
121956   
121957   
121958   
121959   
122000   
122001   
122002   
122003   
122004   
122005   
122006   
122007   
122008   
122009   
122010   
122011   
122012   
122013   
122014   
122015   
122016   
122017   
122018   
122019   
122020   
122021   
122022   
122023   
122024   
122025   
122026   
122027   
122028   
122029   
122030   
122031   
122032   
122033   
122034   
122035   
122036   
122037   
122038   
122039   
122040   
122041   
122042   
122043   
122044   
122045   
122046   
122047   
122048   
122049   
122050   
122051   
122052   
122053   
122054   
122055   
122056   
122057   
122058   
122059   
122100   
122101   
122102   
122103   
122104   
122105   
122106   
122107   
122108   
122109   
122110   
122111   
122112   
122113   
122114   
122115   
122116   
122117   
122118   
122119   
122120   
122121   
122122   
122123   
122124   
122125   
122126   
122127   
122128   
122129   
122130   
122131   
122132   
122133   
122134   
122135   
122136   
122137   
122138   
122139   
122140   
122141   
122142   
122143   
122144   
122145   
122146   
122147   
122148   
122149   
122150   
122151   
122152   
122153   
122154   
122155   
122156   
122157   
122158   
122159   
122200   
122201   
122202   
122203   
122204   
122205   
122206   
122207   
122208   
122209   
122210   
122211   
122212   
122213   
122214   
122215   
122216   
122217   
122218   
122219   
122220   
122221   
122222   
122223   
122224   
122225   
122226   
122227   
122228   
122229   
122230   
122231   
122232   
122233   
122234   
122235   
122236   
122237   
122238   
122239   
122240   
122241   
122242   
122243   
122244   
122245   
122246   
122247   
122248   
122249   
122250   
122251   
122252   
122253   
122254   
122255   
122256   
122257   
122258   
122259   
122300   
122301   
122302   
122303   
122304   
122305   
122306   
122307   
122308   
122309   
122310   
122311   
122312   
122313   
122314   
122315   
122316   
122317   
122318   
122319   
122320   
122321   
122322   
122323   
122324   
122325   
122326   
122327   
122328   
122329   
122330   
122331   
122332   
122333   
122334   
122335   
122336   
122337   
122338   
122339   
122340   
122341   
122342   
122343   
122344   
122345   
122346   
122347   
122348   
122349   
122350   
122351   
122352   
122353   
122354   
122355   
122356   
122357   
122358   
122359   
122400   
122401   
122402   
122403   
122404   
122405   
122406   
122407   
122408   
122409   
122410   
122411   
122412   
122413   
122414   
122415   
122416   
122417   
122418   
122419   
122420   
122421   
122422   
122423   
122424   
122425   
122426   
122427   
122428   
122429   
122430   
122431   
122432   
122433   
122434   
122435   
122436   
122437   
122438   
122439   
122440   
122441   
122442   
122443   
122444   
122445   
122446   
122447   
122448   
122449   
122450   
122451   
122452   
122453   
122454   
122455   
122456   
122457   
122458   
122459   
122500   
122501   
122502   
122503   
122504   
122505   
122506   
122507   
122508   
122509   
122510   
122511   
122512   
122513   
122514   
122515   
122516   
122517   
122518   
122519   
122520   
122521   
122522   
122523   
122524   
122525   
122526   
122527   
122528   
122529   
122530   
122531   
122532   
122533   
122534   
122535   
122536   
122537   
122538   
122539   
122540   
122541   
122542   
122543   
122544   
122545   
122546   
122547   
122548   
122549   
122550   
122551   
122552   
122553   
122554   
122555   
122556   
122557   
122558   
122559   
122600   
122601   
122602   
122603   
122604   
122605   
122606   
122607   
122608   
122609   
122610   
122611   
122612   
122613   
122614   
122615   
122616   
122617   
122618   
122619   
122620   
122621   
122622   
122623   
122624   
122625   
122626   
122627   
122628   
122629   
122630   
122631   
122632   
122633   
122634   
122635   
122636   
122637   
122638   
122639   
122640   
122641   
122642   
122643   
122644   
122645   
122646   
122647   
122648   
122649   
122650   
122651   
122652   
122653   
122654   
122655   
122656   
122657   
122658   
122659   
122700   
122701   
122702   
122703   
122704   
122705   
122706   
122707   
122708   
122709   
122710   
122711   
122712   
122713   
122714   
122715   
122716   
122717   
122718   
122719   
122720   
122721   
122722   
122723   
122724   
122725   
122726   
122727   
122728   
122729   
122730   
122731   
122732   
122733   
122734   
122735   
122736   
122737   
122738   
122739   
122740   
122741   
122742   
122743   
122744   
122745   
122746   
122747   
122748   
122749   
122750   
122751   
122752   
122753   
122754   
122755   
122756   
122757   
122758   
122759   
122800   
122801   
122802   
122803   
122804   
122805   
122806   
122807   
122808   
122809   
122810   
122811   
122812   
122813   
122814   
122815   
122816   
122817   
122818   
122819   
122820   
122821   
122822   
122823   
122824   
122825   
122826   
122827   
122828   
122829   
122830   
122831   
122832   
122833   
122834   
122835   
122836   
122837   
122838   
122839   
122840   
122841   
122842   
122843   
122844   
122845   
122846   
122847   
122848   
122849   
122850   
122851   
122852   
122853   
122854   
122855   
122856   
122857   
122858   
122859   
122900   
122901   
122902   
122903   
122904   
122905   
122906   
122907   
122908   
122909   
122910   
122911   
122912   
122913   
122914   
122915   
122916   
122917   
122918   
122919   
122920   
122921   
122922   
122923   
122924   
122925   
122926   
122927   
122928   
122929   
122930   
122931   
122932   
122933   
122934   
122935   
122936   
122937   
122938   
122939   
122940   
122941   
122942   
122943   
122944   
122945   
122946   
122947   
122948   
122949   
122950   
122951   
122952   
122953   
122954   
122955   
122956   
122957   
122958   
122959   
123000   
123001   
123002   
123003   
123004   
123005   
123006   
123007   
123008   
123009   
123010   
123011   
123012   
123013   
123014   
123015   
123016   
123017   
123018   
123019   
123020   
123021   
123022   
123023   
123024   
123025   
123026   
123027   
123028   
123029   
123030   
123031   
123032   
123033   
123034   
123035   
123036   
123037   
123038   
123039   
123040   
123041   
123042   
123043   
123044   
123045   
123046   
123047   
123048   
123049   
123050   
123051   
123052   
123053   
123054   
123055   
123056   
123057   
123058   
123059   
123100   
123101   
123102   
123103   
123104   
123105   
123106   
123107   
123108   
123109   
123110   
123111   
123112   
123113   
123114   
123115   
123116   
123117   
123118   
123119   
123120   
123121   
123122   
123123   
123124   
123125   
123126   
123127   
123128   
123129   
123130   
123131   
123132   
123133   
123134   
123135   
123136   
123137   
123138   
123139   
123140   
123141   
123142   
123143   
123144   
123145   
123146   
123147   
123148   
123149   
123150   
123151   
123152   
123153   
123154   
123155   
123156   
123157   
123158   
123159   
123200   
123201   
123202   
123203   
123204   
123205   
123206   
123207   
123208   
123209   
123210   
123211   
123212   
123213   
123214   
123215   
123216   
123217   
123218   
123219   
123220   
123221   
123222   
123223   
123224   
123225   
123226   
123227   
123228   
123229   
123230   
123231   
123232   
123233   
123234   
123235   
123236   
123237   
123238   
123239   
123240   
123241   
123242   
123243   
123244   
123245   
123246   
123247   
123248   
123249   
123250   
123251   
123252   
123253   
123254   
123255   
123256   
123257   
123258   
123259   
123300   
123301   
123302   
123303   
123304   
123305   
123306   
123307   
123308   
123309   
123310   
123311   
123312   
123313   
123314   
123315   
123316   
123317   
123318   
123319   
123320   
123321   
123322   
123323   
123324   
123325   
123326   
123327   
123328   
123329   
123330   
123331   
123332   
123333   
123334   
123335   
123336   
123337   
123338   
123339   
123340   
123341   
123342   
123343   
123344   
123345   
123346   
123347   
123348   
123349   
123350   
123351   
123352   
123353   
123354   
123355   
123356   
123357   
123358   
123359   
123400   
123401   
123402   
123403   
123404   
123405   
123406   
123407   
123408   
123409   
123410   
123411   
123412   
123413   
123414   
123415   
123416   
123417   
123418   
123419   
123420   
123421   
123422   
123423   
123424   
123425   
123426   
123427   
123428   
123429   
123430   
123431   
123432   
123433   
123434   
123435   
123436   
123437   
123438   
123439   
123440   
123441   
123442   
123443   
123444   
123445   
123446   
123447   
123448   
123449   
123450   
123451   
123452   
123453   
123454   
123455   
123456   
123457   
123458   
123459   
123500   
123501   
123502   
123503   
123504   
123505   
123506   
123507   
123508   
123509   
123510   
123511   
123512   
123513   
123514   
123515   
123516   
123517   
123518   
123519   
123520   
123521   
123522   
123523   
123524   
123525   
123526   
123527   
123528   
123529   
123530   
123531   
123532   
123533   
123534   
123535   
123536   
123537   
123538   
123539   
123540   
123541   
123542   
123543   
123544   
123545   
123546   
123547   
123548   
123549   
123550   
123551   
123552   
123553   
123554   
123555   
123556   
123557   
123558   
123559   
123600   
123601   
123602   
123603   
123604   
123605   
123606   
123607   
123608   
123609   
123610   
123611   
123612   
123613   
123614   
123615   
123616   
123617   
123618   
123619   
123620   
123621   
123622   
123623   
123624   
123625   
123626   
123627   
123628   
123629   
123630   
123631   
123632   
123633   
123634   
123635   
123636   
123637   
123638   
123639   
123640   
123641   
123642   
123643   
123644   
123645   
123646   
123647   
123648   
123649   
123650   
123651   
123652   
123653   
123654   
123655   
123656   
123657   
123658   
123659   
123700   
123701   
123702   
123703   
123704   
123705   
123706   
123707   
123708   
123709   
123710   
123711   
123712   
123713   
123714   
123715   
123716   
123717   
123718   
123719   
123720   
123721   
123722   
123723   
123724   
123725   
123726   
123727   
123728   
123729   
123730   
123731   
123732   
123733   
123734   
123735   
123736   
123737   
123738   
123739   
123740   
123741   
123742   
123743   
123744   
123745   
123746   
123747   
123748   
123749   
123750   
123751   
123752   
123753   
123754   
123755   
123756   
123757   
123758   
123759   
123800   
123801   
123802   
123803   
123804   
123805   
123806   
123807   
123808   
123809   
123810   
123811   
123812   
123813   
123814   
123815   
123816   
123817   
123818   
123819   
123820   
123821   
123822   
123823   
123824   
123825   
123826   
123827   
123828   
123829   
123830   
123831   
123832   
123833   
123834   
123835   
123836   
123837   
123838   
123839   
123840   
123841   
123842   
123843   
123844   
123845   
123846   
123847   
123848   
123849   
123850   
123851   
123852   
123853   
123854   
123855   
123856   
123857   
123858   
123859   
123900   
123901   
123902   
123903   
123904   
123905   
123906   
123907   
123908   
123909   
123910   
123911   
123912   
123913   
123914   
123915   
123916   
123917   
123918   
123919   
123920   
123921   
123922   
123923   
123924   
123925   
123926   
123927   
123928   
123929   
123930   
123931   
123932   
123933   
123934   
123935   
123936   
123937   
123938   
123939   
123940   
123941   
123942   
123943   
123944   
123945   
123946   
123947   
123948   
123949   
123950   
123951   
123952   
123953   
123954   
123955   
123956   
123957   
123958   
123959   
124000   
124001   
124002   
124003   
124004   
124005   
124006   
124007   
124008   
124009   
124010   
124011   
124012   
124013   
124014   
124015   
124016   
124017   
124018   
124019   
124020   
124021   
124022   
124023   
124024   
124025   
124026   
124027   
124028   
124029   
124030   
124031   
124032   
124033   
124034   
124035   
124036   
124037   
124038   
124039   
124040   
124041   
124042   
124043   
124044   
124045   
124046   
124047   
124048   
124049   
124050   
124051   
124052   
124053   
124054   
124055   
124056   
124057   
124058   
124059   
124100   
124101   
124102   
124103   
124104   
124105   
124106   
124107   
124108   
124109   
124110   
124111   
124112   
124113   
124114   
124115   
124116   
124117   
124118   
124119   
124120   
124121   
124122   
124123   
124124   
124125   
124126   
124127   
124128   
124129   
124130   
124131   
124132   
124133   
124134   
124135   
124136   
124137   
124138   
124139   
124140   
124141   
124142   
124143   
124144   
124145   
124146   
124147   
124148   
124149   
124150   
124151   
124152   
124153   
124154   
124155   
124156   
124157   
124158   
124159   
124200   
124201   
124202   
124203   
124204   
124205   
124206   
124207   
124208   
124209   
124210   
124211   
124212   
124213   
124214   
124215   
124216   
124217   
124218   
124219   
124220   
124221   
124222   
124223   
124224   
124225   
124226   
124227   
124228   
124229   
124230   
124231   
124232   
124233   
124234   
124235   
124236   
124237   
124238   
124239   
124240   
124241   
124242   
124243   
124244   
124245   
124246   
124247   
124248   
124249   
124250   
124251   
124252   
124253   
124254   
124255   
124256   
124257   
124258   
124259   
124300   
124301   
124302   
124303   
124304   
124305   
124306   
124307   
124308   
124309   
124310   
124311   
124312   
124313   
124314   
124315   
124316   
124317   
124318   
124319   
124320   
124321   
124322   
124323   
124324   
124325   
124326   
124327   
124328   
124329   
124330   
124331   
124332   
124333   
124334   
124335   
124336   
124337   
124338   
124339   
124340   
124341   
124342   
124343   
124344   
124345   
124346   
124347   
124348   
124349   
124350   
124351   
124352   
124353   
124354   
124355   
124356   
124357   
124358   
124359   
124400   
124401   
124402   
124403   
124404   
124405   
124406   
124407   
124408   
124409   
124410   
124411   
124412   
124413   
124414   
124415   
124416   
124417   
124418   
124419   
124420   
124421   
124422   
124423   
124424   
124425   
124426   
124427   
124428   
124429   
124430   
124431   
124432   
124433   
124434   
124435   
124436   
124437   
124438   
124439   
124440   
124441   
124442   
124443   
124444   
124445   
124446   
124447   
124448   
124449   
124450   
124451   
124452   
124453   
124454   
124455   
124456   
124457   
124458   
124459   
124500   
124501   
124502   
124503   
124504   
124505   
124506   
124507   
124508   
124509   
124510   
124511   
124512   
124513   
124514   
124515   
124516   
124517   
124518   
124519   
124520   
124521   
124522   
124523   
124524   
124525   
124526   
124527   
124528   
124529   
124530   
124531   
124532   
124533   
124534   
124535   
124536   
124537   
124538   
124539   
124540   
124541   
124542   
124543   
124544   
124545   
124546   
124547   
124548   
124549   
124550   
124551   
124552   
124553   
124554   
124555   
124556   
124557   
124558   
124559   
124600   
124601   
124602   
124603   
124604   
124605   
124606   
124607   
124608   
124609   
124610   
124611   
124612   
124613   
124614   
124615   
124616   
124617   
124618   
124619   
124620   
124621   
124622   
124623   
124624   
124625   
124626   
124627   
124628   
124629   
124630   
124631   
124632   
124633   
124634   
124635   
124636   
124637   
124638   
124639   
124640   
124641   
124642   
124643   
124644   
124645   
124646   
124647   
124648   
124649   
124650   
124651   
124652   
124653   
124654   
124655   
124656   
124657   
124658   
124659   
124700   
124701   
124702   
124703   
124704   
124705   
124706   
124707   
124708   
124709   
124710   
124711   
124712   
124713   
124714   
124715   
124716   
124717   
124718   
124719   
124720   
124721   
124722   
124723   
124724   
124725   
124726   
124727   
124728   
124729   
124730   
124731   
124732   
124733   
124734   
124735   
124736   
124737   
124738   
124739   
124740   
124741   
124742   
124743   
124744   
124745   
124746   
124747   
124748   
124749   
124750   
124751   
124752   
124753   
124754   
124755   
124756   
124757   
124758   
124759   
124800   
124801   
124802   
124803   
124804   
124805   
124806   
124807   
124808   
124809   
124810   
124811   
124812   
124813   
124814   
124815   
124816   
124817   
124818   
124819   
124820   
124821   
124822   
124823   
124824   
124825   
124826   
124827   
124828   
124829   
124830   
124831   
124832   
124833   
124834   
124835   
124836   
124837   
124838   
124839   
124840   
124841   
124842   
124843   
124844   
124845   
124846   
124847   
124848   
124849   
124850   
124851   
124852   
124853   
124854   
124855   
124856   
124857   
124858   
124859   
124900   
124901   
124902   
124903   
124904   
124905   
124906   
124907   
124908   
124909   
124910   
124911   
124912   
124913   
124914   
124915   
124916   
124917   
124918   
124919   
124920   
124921   
124922   
124923   
124924   
124925   
124926   
124927   
124928   
124929   
124930   
124931   
124932   
124933   
124934   
124935   
124936   
124937   
124938   
124939   
124940   
124941   
124942   
124943   
124944   
124945   
124946   
124947   
124948   
124949   
124950   
124951   
124952   
124953   
124954   
124955   
124956   
124957   
124958   
124959   
125000   
125001   
125002   
125003   
125004   
125005   
125006   
125007   
125008   
125009   
125010   
125011   
125012   
125013   
125014   
125015   
125016   
125017   
125018   
125019   
125020   
125021   
125022   
125023   
125024   
125025   
125026   
125027   
125028   
125029   
125030   
125031   
125032   
125033   
125034   
125035   
125036   
125037   
125038   
125039   
125040   
125041   
125042   
125043   
125044   
125045   
125046   
125047   
125048   
125049   
125050   
125051   
125052   
125053   
125054   
125055   
125056   
125057   
125058   
125059   
125100   
125101   
125102   
125103   
125104   
125105   
125106   
125107   
125108   
125109   
125110   
125111   
125112   
125113   
125114   
125115   
125116   
125117   
125118   
125119   
125120   
125121   
125122   
125123   
125124   
125125   
125126   
125127   
125128   
125129   
125130   
125131   
125132   
125133   
125134   
125135   
125136   
125137   
125138   
125139   
125140   
125141   
125142   
125143   
125144   
125145   
125146   
125147   
125148   
125149   
125150   
125151   
125152   
125153   
125154   
125155   
125156   
125157   
125158   
125159   
125200   
125201   
125202   
125203   
125204   
125205   
125206   
125207   
125208   
125209   
125210   
125211   
125212   
125213   
125214   
125215   
125216   
125217   
125218   
125219   
125220   
125221   
125222   
125223   
125224   
125225   
125226   
125227   
125228   
125229   
125230   
125231   
125232   
125233   
125234   
125235   
125236   
125237   
125238   
125239   
125240   
125241   
125242   
125243   
125244   
125245   
125246   
125247   
125248   
125249   
125250   
125251   
125252   
125253   
125254   
125255   
125256   
125257   
125258   
125259   
125300   
125301   
125302   
125303   
125304   
125305   
125306   
125307   
125308   
125309   
125310   
125311   
125312   
125313   
125314   
125315   
125316   
125317   
125318   
125319   
125320   
125321   
125322   
125323   
125324   
125325   
125326   
125327   
125328   
125329   
125330   
125331   
125332   
125333   
125334   
125335   
125336   
125337   
125338   
125339   
125340   
125341   
125342   
125343   
125344   
125345   
125346   
125347   
125348   
125349   
125350   
125351   
125352   
125353   
125354   
125355   
125356   
125357   
125358   
125359   
125400   
125401   
125402   
125403   
125404   
125405   
125406   
125407   
125408   
125409   
125410   
125411   
125412   
125413   
125414   
125415   
125416   
125417   
125418   
125419   
125420   
125421   
125422   
125423   
125424   
125425   
125426   
125427   
125428   
125429   
125430   
125431   
125432   
125433   
125434   
125435   
125436   
125437   
125438   
125439   
125440   
125441   
125442   
125443   
125444   
125445   
125446   
125447   
125448   
125449   
125450   
125451   
125452   
125453   
125454   
125455   
125456   
125457   
125458   
125459   
125500   
125501   
125502   
125503   
125504   
125505   
125506   
125507   
125508   
125509   
125510   
125511   
125512   
125513   
125514   
125515   
125516   
125517   
125518   
125519   
125520   
125521   
125522   
125523   
125524   
125525   
125526   
125527   
125528   
125529   
125530   
125531   
125532   
125533   
125534   
125535   
125536   
125537   
125538   
125539   
125540   
125541   
125542   
125543   
125544   
125545   
125546   
125547   
125548   
125549   
125550   
125551   
125552   
125553   
125554   
125555   
125556   
125557   
125558   
125559   
125600   
125601   
125602   
125603   
125604   
125605   
125606   
125607   
125608   
125609   
125610   
125611   
125612   
125613   
125614   
125615   
125616   
125617   
125618   
125619   
125620   
125621   
125622   
125623   
125624   
125625   
125626   
125627   
125628   
125629   
125630   
125631   
125632   
125633   
125634   
125635   
125636   
125637   
125638   
125639   
125640   
125641   
125642   
125643   
125644   
125645   
125646   
125647   
125648   
125649   
125650   
125651   
125652   
125653   
125654   
125655   
125656   
125657   
125658   
125659   
125700   
125701   
125702   
125703   
125704   
125705   
125706   
125707   
125708   
125709   
125710   
125711   
125712   
125713   
125714   
125715   
125716   
125717   
125718   
125719   
125720   
125721   
125722   
125723   
125724   
125725   
125726   
125727   
125728   
125729   
125730   
125731   
125732   
125733   
125734   
125735   
125736   
125737   
125738   
125739   
125740   
125741   
125742   
125743   
125744   
125745   
125746   
125747   
125748   
125749   
125750   
125751   
125752   
125753   
125754   
125755   
125756   
125757   
125758   
125759   
125800   
125801   
125802   
125803   
125804   
125805   
125806   
125807   
125808   
125809   
125810   
125811   
125812   
125813   
125814   
125815   
125816   
125817   
125818   
125819   
125820   
125821   
125822   
125823   
125824   
125825   
125826   
125827   
125828   
125829   
125830   
125831   
125832   
125833   
125834   
125835   
125836   
125837   
125838   
125839   
125840   
125841   
125842   
125843   
125844   
125845   
125846   
125847   
125848   
125849   
125850   
125851   
125852   
125853   
125854   
125855   
125856   
125857   
125858   
125859   
125900   
125901   
125902   
125903   
125904   
125905   
125906   
125907   
125908   
125909   
125910   
125911   
125912   
125913   
125914   
125915   
125916   
125917   
125918   
125919   
125920   
125921   
125922   
125923   
125924   
125925   
125926   
125927   
125928   
125929   
125930   
125931   
125932   
125933   
125934   
125935   
125936   
125937   
125938   
125939   
125940   
125941   
125942   
125943   
125944   
125945   
125946   
125947   
125948   
125949   
125950   
125951   
125952   
125953   
125954   
125955   
125956   
125957   
125958   
125959   
