130000   
130001   
130002   
130003   
130004   
130005   
130006   
130007   
130008   
130009   
130010   
130011   
130012   
130013   
130014   
130015   
130016   
130017   
130018   
130019   
130020   
130021   
130022   
130023   
130024   
130025   
130026   
130027   
130028   
130029   
130030   
130031   
130032   
130033   
130034   
130035   
130036   
130037   
130038   
130039   
130040   
130041   
130042   
130043   
130044   
130045   
130046   
130047   
130048   
130049   
130050   
130051   
130052   
130053   
130054   
130055   
130056   
130057   
130058   
130059   
130100   
130101   
130102   
130103   
130104   
130105   
130106   
130107   
130108   
130109   
130110   
130111   
130112   
130113   
130114   
130115   
130116   
130117   
130118   
130119   
130120   
130121   
130122   
130123   
130124   
130125   
130126   
130127   
130128   
130129   
130130   
130131   
130132   
130133   
130134   
130135   
130136   
130137   
130138   
130139   
130140   
130141   
130142   
130143   
130144   
130145   
130146   
130147   
130148   
130149   
130150   
130151   
130152   
130153   
130154   
130155   
130156   
130157   
130158   
130159   
130200   
130201   
130202   
130203   
130204   
130205   
130206   
130207   
130208   
130209   
130210   
130211   
130212   
130213   
130214   
130215   
130216   
130217   
130218   
130219   
130220   
130221   
130222   
130223   
130224   
130225   
130226   
130227   
130228   
130229   
130230   
130231   
130232   
130233   
130234   
130235   
130236   
130237   
130238   
130239   
130240   
130241   
130242   
130243   
130244   
130245   
130246   
130247   
130248   
130249   
130250   
130251   
130252   
130253   
130254   
130255   
130256   
130257   
130258   
130259   
130300   
130301   
130302   
130303   
130304   
130305   
130306   
130307   
130308   
130309   
130310   
130311   
130312   
130313   
130314   
130315   
130316   
130317   
130318   
130319   
130320   
130321   
130322   
130323   
130324   
130325   
130326   
130327   
130328   
130329   
130330   
130331   
130332   
130333   
130334   
130335   
130336   
130337   
130338   
130339   
130340   
130341   
130342   
130343   
130344   
130345   
130346   
130347   
130348   
130349   
130350   
130351   
130352   
130353   
130354   
130355   
130356   
130357   
130358   
130359   
130400   
130401   
130402   
130403   
130404   
130405   
130406   
130407   
130408   
130409   
130410   
130411   
130412   
130413   
130414   
130415   
130416   
130417   
130418   
130419   
130420   
130421   
130422   
130423   
130424   
130425   
130426   
130427   
130428   
130429   
130430   
130431   
130432   
130433   
130434   
130435   
130436   
130437   
130438   
130439   
130440   
130441   
130442   
130443   
130444   
130445   
130446   
130447   
130448   
130449   
130450   
130451   
130452   
130453   
130454   
130455   
130456   
130457   
130458   
130459   
130500   
130501   
130502   
130503   
130504   
130505   
130506   
130507   
130508   
130509   
130510   
130511   
130512   
130513   
130514   
130515   
130516   
130517   
130518   
130519   
130520   
130521   
130522   
130523   
130524   
130525   
130526   
130527   
130528   
130529   
130530   
130531   
130532   
130533   
130534   
130535   
130536   
130537   
130538   
130539   
130540   
130541   
130542   
130543   
130544   
130545   
130546   
130547   
130548   
130549   
130550   
130551   
130552   
130553   
130554   
130555   
130556   
130557   
130558   
130559   
130600   
130601   
130602   
130603   
130604   
130605   
130606   
130607   
130608   
130609   
130610   
130611   
130612   
130613   
130614   
130615   
130616   
130617   
130618   
130619   
130620   
130621   
130622   
130623   
130624   
130625   
130626   
130627   
130628   
130629   
130630   
130631   
130632   
130633   
130634   
130635   
130636   
130637   
130638   
130639   
130640   
130641   
130642   
130643   
130644   
130645   
130646   
130647   
130648   
130649   
130650   
130651   
130652   
130653   
130654   
130655   
130656   
130657   
130658   
130659   
130700   
130701   
130702   
130703   
130704   
130705   
130706   
130707   
130708   
130709   
130710   
130711   
130712   
130713   
130714   
130715   
130716   
130717   
130718   
130719   
130720   
130721   
130722   
130723   
130724   
130725   
130726   
130727   
130728   
130729   
130730   
130731   
130732   
130733   
130734   
130735   
130736   
130737   
130738   
130739   
130740   
130741   
130742   
130743   
130744   
130745   
130746   
130747   
130748   
130749   
130750   
130751   
130752   
130753   
130754   
130755   
130756   
130757   
130758   
130759   
130800   
130801   
130802   
130803   
130804   
130805   
130806   
130807   
130808   
130809   
130810   
130811   
130812   
130813   
130814   
130815   
130816   
130817   
130818   
130819   
130820   
130821   
130822   
130823   
130824   
130825   
130826   
130827   
130828   
130829   
130830   
130831   
130832   
130833   
130834   
130835   
130836   
130837   
130838   
130839   
130840   
130841   
130842   
130843   
130844   
130845   
130846   
130847   
130848   
130849   
130850   
130851   
130852   
130853   
130854   
130855   
130856   
130857   
130858   
130859   
130900   
130901   
130902   
130903   
130904   
130905   
130906   
130907   
130908   
130909   
130910   
130911   
130912   
130913   
130914   
130915   
130916   
130917   
130918   
130919   
130920   
130921   
130922   
130923   
130924   
130925   
130926   
130927   
130928   
130929   
130930   
130931   
130932   
130933   
130934   
130935   
130936   
130937   
130938   
130939   
130940   
130941   
130942   
130943   
130944   
130945   
130946   
130947   
130948   
130949   
130950   
130951   
130952   
130953   
130954   
130955   
130956   
130957   
130958   
130959   
131000   
131001   
131002   
131003   
131004   
131005   
131006   
131007   
131008   
131009   
131010   
131011   
131012   
131013   
131014   
131015   
131016   
131017   
131018   
131019   
131020   
131021   
131022   
131023   
131024   
131025   
131026   
131027   
131028   
131029   
131030   
131031   
131032   
131033   
131034   
131035   
131036   
131037   
131038   
131039   
131040   
131041   
131042   
131043   
131044   
131045   
131046   
131047   
131048   
131049   
131050   
131051   
131052   
131053   
131054   
131055   
131056   
131057   
131058   
131059   
131100   
131101   
131102   
131103   
131104   
131105   
131106   
131107   
131108   
131109   
131110   
131111   
131112   
131113   
131114   
131115   
131116   
131117   
131118   
131119   
131120   
131121   
131122   
131123   
131124   
131125   
131126   
131127   
131128   
131129   
131130   
131131   
131132   
131133   
131134   
131135   
131136   
131137   
131138   
131139   
131140   
131141   
131142   
131143   
131144   
131145   
131146   
131147   
131148   
131149   
131150   
131151   
131152   
131153   
131154   
131155   
131156   
131157   
131158   
131159   
131200   
131201   
131202   
131203   
131204   
131205   
131206   
131207   
131208   
131209   
131210   
131211   
131212   
131213   
131214   
131215   
131216   
131217   
131218   
131219   
131220   
131221   
131222   
131223   
131224   
131225   
131226   
131227   
131228   
131229   
131230   
131231   
131232   
131233   
131234   
131235   
131236   
131237   
131238   
131239   
131240   
131241   
131242   
131243   
131244   
131245   
131246   
131247   
131248   
131249   
131250   
131251   
131252   
131253   
131254   
131255   
131256   
131257   
131258   
131259   
131300   
131301   
131302   
131303   
131304   
131305   
131306   
131307   
131308   
131309   
131310   
131311   
131312   
131313   
131314   
131315   
131316   
131317   
131318   
131319   
131320   
131321   
131322   
131323   
131324   
131325   
131326   
131327   
131328   
131329   
131330   
131331   
131332   
131333   
131334   
131335   
131336   
131337   
131338   
131339   
131340   
131341   
131342   
131343   
131344   
131345   
131346   
131347   
131348   
131349   
131350   
131351   
131352   
131353   
131354   
131355   
131356   
131357   
131358   
131359   
131400   
131401   
131402   
131403   
131404   
131405   
131406   
131407   
131408   
131409   
131410   
131411   
131412   
131413   
131414   
131415   
131416   
131417   
131418   
131419   
131420   
131421   
131422   
131423   
131424   
131425   
131426   
131427   
131428   
131429   
131430   
131431   
131432   
131433   
131434   
131435   
131436   
131437   
131438   
131439   
131440   
131441   
131442   
131443   
131444   
131445   
131446   
131447   
131448   
131449   
131450   
131451   
131452   
131453   
131454   
131455   
131456   
131457   
131458   
131459   
131500   
131501   
131502   
131503   
131504   
131505   
131506   
131507   
131508   
131509   
131510   
131511   
131512   
131513   
131514   
131515   
131516   
131517   
131518   
131519   
131520   
131521   
131522   
131523   
131524   
131525   
131526   
131527   
131528   
131529   
131530   
131531   
131532   
131533   
131534   
131535   
131536   
131537   
131538   
131539   
131540   
131541   
131542   
131543   
131544   
131545   
131546   
131547   
131548   
131549   
131550   
131551   
131552   
131553   
131554   
131555   
131556   
131557   
131558   
131559   
131600   
131601   
131602   
131603   
131604   
131605   
131606   
131607   
131608   
131609   
131610   
131611   
131612   
131613   
131614   
131615   
131616   
131617   
131618   
131619   
131620   
131621   
131622   
131623   
131624   
131625   
131626   
131627   
131628   
131629   
131630   
131631   
131632   
131633   
131634   
131635   
131636   
131637   
131638   
131639   
131640   
131641   
131642   
131643   
131644   
131645   
131646   
131647   
131648   
131649   
131650   
131651   
131652   
131653   
131654   
131655   
131656   
131657   
131658   
131659   
131700   
131701   
131702   
131703   
131704   
131705   
131706   
131707   
131708   
131709   
131710   
131711   
131712   
131713   
131714   
131715   
131716   
131717   
131718   
131719   
131720   
131721   
131722   
131723   
131724   
131725   
131726   
131727   
131728   
131729   
131730   
131731   
131732   
131733   
131734   
131735   
131736   
131737   
131738   
131739   
131740   
131741   
131742   
131743   
131744   
131745   
131746   
131747   
131748   
131749   
131750   
131751   
131752   
131753   
131754   
131755   
131756   
131757   
131758   
131759   
131800   
131801   
131802   
131803   
131804   
131805   
131806   
131807   
131808   
131809   
131810   
131811   
131812   
131813   
131814   
131815   
131816   
131817   
131818   
131819   
131820   
131821   
131822   
131823   
131824   
131825   
131826   
131827   
131828   
131829   
131830   
131831   
131832   
131833   
131834   
131835   
131836   
131837   
131838   
131839   
131840   
131841   
131842   
131843   
131844   
131845   
131846   
131847   
131848   
131849   
131850   
131851   
131852   
131853   
131854   
131855   
131856   
131857   
131858   
131859   
131900   
131901   
131902   
131903   
131904   
131905   
131906   
131907   
131908   
131909   
131910   
131911   
131912   
131913   
131914   
131915   
131916   
131917   
131918   
131919   
131920   
131921   
131922   
131923   
131924   
131925   
131926   
131927   
131928   
131929   
131930   
131931   
131932   
131933   
131934   
131935   
131936   
131937   
131938   
131939   
131940   
131941   
131942   
131943   
131944   
131945   
131946   
131947   
131948   
131949   
131950   
131951   
131952   
131953   
131954   
131955   
131956   
131957   
131958   
131959   
132000   
132001   
132002   
132003   
132004   
132005   
132006   
132007   
132008   
132009   
132010   
132011   
132012   
132013   
132014   
132015   
132016   
132017   
132018   
132019   
132020   
132021   
132022   
132023   
132024   
132025   
132026   
132027   
132028   
132029   
132030   
132031   
132032   
132033   
132034   
132035   
132036   
132037   
132038   
132039   
132040   
132041   
132042   
132043   
132044   
132045   
132046   
132047   
132048   
132049   
132050   
132051   
132052   
132053   
132054   
132055   
132056   
132057   
132058   
132059   
132100   
132101   
132102   
132103   
132104   
132105   
132106   
132107   
132108   
132109   
132110   
132111   
132112   
132113   
132114   
132115   
132116   
132117   
132118   
132119   
132120   
132121   
132122   
132123   
132124   
132125   
132126   
132127   
132128   
132129   
132130   
132131   
132132   
132133   
132134   
132135   
132136   
132137   
132138   
132139   
132140   
132141   
132142   
132143   
132144   
132145   
132146   
132147   
132148   
132149   
132150   
132151   
132152   
132153   
132154   
132155   
132156   
132157   
132158   
132159   
132200   
132201   
132202   
132203   
132204   
132205   
132206   
132207   
132208   
132209   
132210   
132211   
132212   
132213   
132214   
132215   
132216   
132217   
132218   
132219   
132220   
132221   
132222   
132223   
132224   
132225   
132226   
132227   
132228   
132229   
132230   
132231   
132232   
132233   
132234   
132235   
132236   
132237   
132238   
132239   
132240   
132241   
132242   
132243   
132244   
132245   
132246   
132247   
132248   
132249   
132250   
132251   
132252   
132253   
132254   
132255   
132256   
132257   
132258   
132259   
132300   
132301   
132302   
132303   
132304   
132305   
132306   
132307   
132308   
132309   
132310   
132311   
132312   
132313   
132314   
132315   
132316   
132317   
132318   
132319   
132320   
132321   
132322   
132323   
132324   
132325   
132326   
132327   
132328   
132329   
132330   
132331   
132332   
132333   
132334   
132335   
132336   
132337   
132338   
132339   
132340   
132341   
132342   
132343   
132344   
132345   
132346   
132347   
132348   
132349   
132350   
132351   
132352   
132353   
132354   
132355   
132356   
132357   
132358   
132359   
132400   
132401   
132402   
132403   
132404   
132405   
132406   
132407   
132408   
132409   
132410   
132411   
132412   
132413   
132414   
132415   
132416   
132417   
132418   
132419   
132420   
132421   
132422   
132423   
132424   
132425   
132426   
132427   
132428   
132429   
132430   
132431   
132432   
132433   
132434   
132435   
132436   
132437   
132438   
132439   
132440   
132441   
132442   
132443   
132444   
132445   
132446   
132447   
132448   
132449   
132450   
132451   
132452   
132453   
132454   
132455   
132456   
132457   
132458   
132459   
132500   
132501   
132502   
132503   
132504   
132505   
132506   
132507   
132508   
132509   
132510   
132511   
132512   
132513   
132514   
132515   
132516   
132517   
132518   
132519   
132520   
132521   
132522   
132523   
132524   
132525   
132526   
132527   
132528   
132529   
132530   
132531   
132532   
132533   
132534   
132535   
132536   
132537   
132538   
132539   
132540   
132541   
132542   
132543   
132544   
132545   
132546   
132547   
132548   
132549   
132550   
132551   
132552   
132553   
132554   
132555   
132556   
132557   
132558   
132559   
132600   
132601   
132602   
132603   
132604   
132605   
132606   
132607   
132608   
132609   
132610   
132611   
132612   
132613   
132614   
132615   
132616   
132617   
132618   
132619   
132620   
132621   
132622   
132623   
132624   
132625   
132626   
132627   
132628   
132629   
132630   
132631   
132632   
132633   
132634   
132635   
132636   
132637   
132638   
132639   
132640   
132641   
132642   
132643   
132644   
132645   
132646   
132647   
132648   
132649   
132650   
132651   
132652   
132653   
132654   
132655   
132656   
132657   
132658   
132659   
132700   
132701   
132702   
132703   
132704   
132705   
132706   
132707   
132708   
132709   
132710   
132711   
132712   
132713   
132714   
132715   
132716   
132717   
132718   
132719   
132720   
132721   
132722   
132723   
132724   
132725   
132726   
132727   
132728   
132729   
132730   
132731   
132732   
132733   
132734   
132735   
132736   
132737   
132738   
132739   
132740   
132741   
132742   
132743   
132744   
132745   
132746   
132747   
132748   
132749   
132750   
132751   
132752   
132753   
132754   
132755   
132756   
132757   
132758   
132759   
132800   
132801   
132802   
132803   
132804   
132805   
132806   
132807   
132808   
132809   
132810   
132811   
132812   
132813   
132814   
132815   
132816   
132817   
132818   
132819   
132820   
132821   
132822   
132823   
132824   
132825   
132826   
132827   
132828   
132829   
132830   
132831   
132832   
132833   
132834   
132835   
132836   
132837   
132838   
132839   
132840   
132841   
132842   
132843   
132844   
132845   
132846   
132847   
132848   
132849   
132850   
132851   
132852   
132853   
132854   
132855   
132856   
132857   
132858   
132859   
132900   
132901   
132902   
132903   
132904   
132905   
132906   
132907   
132908   
132909   
132910   
132911   
132912   
132913   
132914   
132915   
132916   
132917   
132918   
132919   
132920   
132921   
132922   
132923   
132924   
132925   
132926   
132927   
132928   
132929   
132930   
132931   
132932   
132933   
132934   
132935   
132936   
132937   
132938   
132939   
132940   
132941   
132942   
132943   
132944   
132945   
132946   
132947   
132948   
132949   
132950   
132951   
132952   
132953   
132954   
132955   
132956   
132957   
132958   
132959   
133000   
133001   
133002   
133003   
133004   
133005   
133006   
133007   
133008   
133009   
133010   
133011   
133012   
133013   
133014   
133015   
133016   
133017   
133018   
133019   
133020   
133021   
133022   
133023   
133024   
133025   
133026   
133027   
133028   
133029   
133030   
133031   
133032   
133033   
133034   
133035   
133036   
133037   
133038   
133039   
133040   
133041   
133042   
133043   
133044   
133045   
133046   
133047   
133048   
133049   
133050   
133051   
133052   
133053   
133054   
133055   
133056   
133057   
133058   
133059   
133100   
133101   
133102   
133103   
133104   
133105   
133106   
133107   
133108   
133109   
133110   
133111   
133112   
133113   
133114   
133115   
133116   
133117   
133118   
133119   
133120   
133121   
133122   
133123   
133124   
133125   
133126   
133127   
133128   
133129   
133130   
133131   
133132   
133133   
133134   
133135   
133136   
133137   
133138   
133139   
133140   
133141   
133142   
133143   
133144   
133145   
133146   
133147   
133148   
133149   
133150   
133151   
133152   
133153   
133154   
133155   
133156   
133157   
133158   
133159   
133200   
133201   
133202   
133203   
133204   
133205   
133206   
133207   
133208   
133209   
133210   
133211   
133212   
133213   
133214   
133215   
133216   
133217   
133218   
133219   
133220   
133221   
133222   
133223   
133224   
133225   
133226   
133227   
133228   
133229   
133230   
133231   
133232   
133233   
133234   
133235   
133236   
133237   
133238   
133239   
133240   
133241   
133242   
133243   
133244   
133245   
133246   
133247   
133248   
133249   
133250   
133251   
133252   
133253   
133254   
133255   
133256   
133257   
133258   
133259   
133300   
133301   
133302   
133303   
133304   
133305   
133306   
133307   
133308   
133309   
133310   
133311   
133312   
133313   
133314   
133315   
133316   
133317   
133318   
133319   
133320   
133321   
133322   
133323   
133324   
133325   
133326   
133327   
133328   
133329   
133330   
133331   
133332   
133333   
133334   
133335   
133336   
133337   
133338   
133339   
133340   
133341   
133342   
133343   
133344   
133345   
133346   
133347   
133348   
133349   
133350   
133351   
133352   
133353   
133354   
133355   
133356   
133357   
133358   
133359   
133400   
133401   
133402   
133403   
133404   
133405   
133406   
133407   
133408   
133409   
133410   
133411   
133412   
133413   
133414   
133415   
133416   
133417   
133418   
133419   
133420   
133421   
133422   
133423   
133424   
133425   
133426   
133427   
133428   
133429   
133430   
133431   
133432   
133433   
133434   
133435   
133436   
133437   
133438   
133439   
133440   
133441   
133442   
133443   
133444   
133445   
133446   
133447   
133448   
133449   
133450   
133451   
133452   
133453   
133454   
133455   
133456   
133457   
133458   
133459   
133500   
133501   
133502   
133503   
133504   
133505   
133506   
133507   
133508   
133509   
133510   
133511   
133512   
133513   
133514   
133515   
133516   
133517   
133518   
133519   
133520   
133521   
133522   
133523   
133524   
133525   
133526   
133527   
133528   
133529   
133530   
133531   
133532   
133533   
133534   
133535   
133536   
133537   
133538   
133539   
133540   
133541   
133542   
133543   
133544   
133545   
133546   
133547   
133548   
133549   
133550   
133551   
133552   
133553   
133554   
133555   
133556   
133557   
133558   
133559   
133600   
133601   
133602   
133603   
133604   
133605   
133606   
133607   
133608   
133609   
133610   
133611   
133612   
133613   
133614   
133615   
133616   
133617   
133618   
133619   
133620   
133621   
133622   
133623   
133624   
133625   
133626   
133627   
133628   
133629   
133630   
133631   
133632   
133633   
133634   
133635   
133636   
133637   
133638   
133639   
133640   
133641   
133642   
133643   
133644   
133645   
133646   
133647   
133648   
133649   
133650   
133651   
133652   
133653   
133654   
133655   
133656   
133657   
133658   
133659   
133700   
133701   
133702   
133703   
133704   
133705   
133706   
133707   
133708   
133709   
133710   
133711   
133712   
133713   
133714   
133715   
133716   
133717   
133718   
133719   
133720   
133721   
133722   
133723   
133724   
133725   
133726   
133727   
133728   
133729   
133730   
133731   
133732   
133733   
133734   
133735   
133736   
133737   
133738   
133739   
133740   
133741   
133742   
133743   
133744   
133745   
133746   
133747   
133748   
133749   
133750   
133751   
133752   
133753   
133754   
133755   
133756   
133757   
133758   
133759   
133800   
133801   
133802   
133803   
133804   
133805   
133806   
133807   
133808   
133809   
133810   
133811   
133812   
133813   
133814   
133815   
133816   
133817   
133818   
133819   
133820   
133821   
133822   
133823   
133824   
133825   
133826   
133827   
133828   
133829   
133830   
133831   
133832   
133833   
133834   
133835   
133836   
133837   
133838   
133839   
133840   
133841   
133842   
133843   
133844   
133845   
133846   
133847   
133848   
133849   
133850   
133851   
133852   
133853   
133854   
133855   
133856   
133857   
133858   
133859   
133900   
133901   
133902   
133903   
133904   
133905   
133906   
133907   
133908   
133909   
133910   
133911   
133912   
133913   
133914   
133915   
133916   
133917   
133918   
133919   
133920   
133921   
133922   
133923   
133924   
133925   
133926   
133927   
133928   
133929   
133930   
133931   
133932   
133933   
133934   
133935   
133936   
133937   
133938   
133939   
133940   
133941   
133942   
133943   
133944   
133945   
133946   
133947   
133948   
133949   
133950   
133951   
133952   
133953   
133954   
133955   
133956   
133957   
133958   
133959   
134000   
134001   
134002   
134003   
134004   
134005   
134006   
134007   
134008   
134009   
134010   
134011   
134012   
134013   
134014   
134015   
134016   
134017   
134018   
134019   
134020   
134021   
134022   
134023   
134024   
134025   
134026   
134027   
134028   
134029   
134030   
134031   
134032   
134033   
134034   
134035   
134036   
134037   
134038   
134039   
134040   
134041   
134042   
134043   
134044   
134045   
134046   
134047   
134048   
134049   
134050   
134051   
134052   
134053   
134054   
134055   
134056   
134057   
134058   
134059   
134100   
134101   
134102   
134103   
134104   
134105   
134106   
134107   
134108   
134109   
134110   
134111   
134112   
134113   
134114   
134115   
134116   
134117   
134118   
134119   
134120   
134121   
134122   
134123   
134124   
134125   
134126   
134127   
134128   
134129   
134130   
134131   
134132   
134133   
134134   
134135   
134136   
134137   
134138   
134139   
134140   
134141   
134142   
134143   
134144   
134145   
134146   
134147   
134148   
134149   
134150   
134151   
134152   
134153   
134154   
134155   
134156   
134157   
134158   
134159   
134200   
134201   
134202   
134203   
134204   
134205   
134206   
134207   
134208   
134209   
134210   
134211   
134212   
134213   
134214   
134215   
134216   
134217   
134218   
134219   
134220   
134221   
134222   
134223   
134224   
134225   
134226   
134227   
134228   
134229   
134230   
134231   
134232   
134233   
134234   
134235   
134236   
134237   
134238   
134239   
134240   
134241   
134242   
134243   
134244   
134245   
134246   
134247   
134248   
134249   
134250   
134251   
134252   
134253   
134254   
134255   
134256   
134257   
134258   
134259   
134300   
134301   
134302   
134303   
134304   
134305   
134306   
134307   
134308   
134309   
134310   
134311   
134312   
134313   
134314   
134315   
134316   
134317   
134318   
134319   
134320   
134321   
134322   
134323   
134324   
134325   
134326   
134327   
134328   
134329   
134330   
134331   
134332   
134333   
134334   
134335   
134336   
134337   
134338   
134339   
134340   
134341   
134342   
134343   
134344   
134345   
134346   
134347   
134348   
134349   
134350   
134351   
134352   
134353   
134354   
134355   
134356   
134357   
134358   
134359   
134400   
134401   
134402   
134403   
134404   
134405   
134406   
134407   
134408   
134409   
134410   
134411   
134412   
134413   
134414   
134415   
134416   
134417   
134418   
134419   
134420   
134421   
134422   
134423   
134424   
134425   
134426   
134427   
134428   
134429   
134430   
134431   
134432   
134433   
134434   
134435   
134436   
134437   
134438   
134439   
134440   
134441   
134442   
134443   
134444   
134445   
134446   
134447   
134448   
134449   
134450   
134451   
134452   
134453   
134454   
134455   
134456   
134457   
134458   
134459   
134500   
134501   
134502   
134503   
134504   
134505   
134506   
134507   
134508   
134509   
134510   
134511   
134512   
134513   
134514   
134515   
134516   
134517   
134518   
134519   
134520   
134521   
134522   
134523   
134524   
134525   
134526   
134527   
134528   
134529   
134530   
134531   
134532   
134533   
134534   
134535   
134536   
134537   
134538   
134539   
134540   
134541   
134542   
134543   
134544   
134545   
134546   
134547   
134548   
134549   
134550   
134551   
134552   
134553   
134554   
134555   
134556   
134557   
134558   
134559   
134600   
134601   
134602   
134603   
134604   
134605   
134606   
134607   
134608   
134609   
134610   
134611   
134612   
134613   
134614   
134615   
134616   
134617   
134618   
134619   
134620   
134621   
134622   
134623   
134624   
134625   
134626   
134627   
134628   
134629   
134630   
134631   
134632   
134633   
134634   
134635   
134636   
134637   
134638   
134639   
134640   
134641   
134642   
134643   
134644   
134645   
134646   
134647   
134648   
134649   
134650   
134651   
134652   
134653   
134654   
134655   
134656   
134657   
134658   
134659   
134700   
134701   
134702   
134703   
134704   
134705   
134706   
134707   
134708   
134709   
134710   
134711   
134712   
134713   
134714   
134715   
134716   
134717   
134718   
134719   
134720   
134721   
134722   
134723   
134724   
134725   
134726   
134727   
134728   
134729   
134730   
134731   
134732   
134733   
134734   
134735   
134736   
134737   
134738   
134739   
134740   
134741   
134742   
134743   
134744   
134745   
134746   
134747   
134748   
134749   
134750   
134751   
134752   
134753   
134754   
134755   
134756   
134757   
134758   
134759   
134800   
134801   
134802   
134803   
134804   
134805   
134806   
134807   
134808   
134809   
134810   
134811   
134812   
134813   
134814   
134815   
134816   
134817   
134818   
134819   
134820   
134821   
134822   
134823   
134824   
134825   
134826   
134827   
134828   
134829   
134830   
134831   
134832   
134833   
134834   
134835   
134836   
134837   
134838   
134839   
134840   
134841   
134842   
134843   
134844   
134845   
134846   
134847   
134848   
134849   
134850   
134851   
134852   
134853   
134854   
134855   
134856   
134857   
134858   
134859   
134900   
134901   
134902   
134903   
134904   
134905   
134906   
134907   
134908   
134909   
134910   
134911   
134912   
134913   
134914   
134915   
134916   
134917   
134918   
134919   
134920   
134921   
134922   
134923   
134924   
134925   
134926   
134927   
134928   
134929   
134930   
134931   
134932   
134933   
134934   
134935   
134936   
134937   
134938   
134939   
134940   
134941   
134942   
134943   
134944   
134945   
134946   
134947   
134948   
134949   
134950   
134951   
134952   
134953   
134954   
134955   
134956   
134957   
134958   
134959   
135000   
135001   
135002   
135003   
135004   
135005   
135006   
135007   
135008   
135009   
135010   
135011   
135012   
135013   
135014   
135015   
135016   
135017   
135018   
135019   
135020   
135021   
135022   
135023   
135024   
135025   
135026   
135027   
135028   
135029   
135030   
135031   
135032   
135033   
135034   
135035   
135036   
135037   
135038   
135039   
135040   
135041   
135042   
135043   
135044   
135045   
135046   
135047   
135048   
135049   
135050   
135051   
135052   
135053   
135054   
135055   
135056   
135057   
135058   
135059   
135100   
135101   
135102   
135103   
135104   
135105   
135106   
135107   
135108   
135109   
135110   
135111   
135112   
135113   
135114   
135115   
135116   
135117   
135118   
135119   
135120   
135121   
135122   
135123   
135124   
135125   
135126   
135127   
135128   
135129   
135130   
135131   
135132   
135133   
135134   
135135   
135136   
135137   
135138   
135139   
135140   
135141   
135142   
135143   
135144   
135145   
135146   
135147   
135148   
135149   
135150   
135151   
135152   
135153   
135154   
135155   
135156   
135157   
135158   
135159   
135200   
135201   
135202   
135203   
135204   
135205   
135206   
135207   
135208   
135209   
135210   
135211   
135212   
135213   
135214   
135215   
135216   
135217   
135218   
135219   
135220   
135221   
135222   
135223   
135224   
135225   
135226   
135227   
135228   
135229   
135230   
135231   
135232   
135233   
135234   
135235   
135236   
135237   
135238   
135239   
135240   
135241   
135242   
135243   
135244   
135245   
135246   
135247   
135248   
135249   
135250   
135251   
135252   
135253   
135254   
135255   
135256   
135257   
135258   
135259   
135300   
135301   
135302   
135303   
135304   
135305   
135306   
135307   
135308   
135309   
135310   
135311   
135312   
135313   
135314   
135315   
135316   
135317   
135318   
135319   
135320   
135321   
135322   
135323   
135324   
135325   
135326   
135327   
135328   
135329   
135330   
135331   
135332   
135333   
135334   
135335   
135336   
135337   
135338   
135339   
135340   
135341   
135342   
135343   
135344   
135345   
135346   
135347   
135348   
135349   
135350   
135351   
135352   
135353   
135354   
135355   
135356   
135357   
135358   
135359   
135400   
135401   
135402   
135403   
135404   
135405   
135406   
135407   
135408   
135409   
135410   
135411   
135412   
135413   
135414   
135415   
135416   
135417   
135418   
135419   
135420   
135421   
135422   
135423   
135424   
135425   
135426   
135427   
135428   
135429   
135430   
135431   
135432   
135433   
135434   
135435   
135436   
135437   
135438   
135439   
135440   
135441   
135442   
135443   
135444   
135445   
135446   
135447   
135448   
135449   
135450   
135451   
135452   
135453   
135454   
135455   
135456   
135457   
135458   
135459   
135500   
135501   
135502   
135503   
135504   
135505   
135506   
135507   
135508   
135509   
135510   
135511   
135512   
135513   
135514   
135515   
135516   
135517   
135518   
135519   
135520   
135521   
135522   
135523   
135524   
135525   
135526   
135527   
135528   
135529   
135530   
135531   
135532   
135533   
135534   
135535   
135536   
135537   
135538   
135539   
135540   
135541   
135542   
135543   
135544   
135545   
135546   
135547   
135548   
135549   
135550   
135551   
135552   
135553   
135554   
135555   
135556   
135557   
135558   
135559   
135600   
135601   
135602   
135603   
135604   
135605   
135606   
135607   
135608   
135609   
135610   
135611   
135612   
135613   
135614   
135615   
135616   
135617   
135618   
135619   
135620   
135621   
135622   
135623   
135624   
135625   
135626   
135627   
135628   
135629   
135630   
135631   
135632   
135633   
135634   
135635   
135636   
135637   
135638   
135639   
135640   
135641   
135642   
135643   
135644   
135645   
135646   
135647   
135648   
135649   
135650   
135651   
135652   
135653   
135654   
135655   
135656   
135657   
135658   
135659   
135700   
135701   
135702   
135703   
135704   
135705   
135706   
135707   
135708   
135709   
135710   
135711   
135712   
135713   
135714   
135715   
135716   
135717   
135718   
135719   
135720   
135721   
135722   
135723   
135724   
135725   
135726   
135727   
135728   
135729   
135730   
135731   
135732   
135733   
135734   
135735   
135736   
135737   
135738   
135739   
135740   
135741   
135742   
135743   
135744   
135745   
135746   
135747   
135748   
135749   
135750   
135751   
135752   
135753   
135754   
135755   
135756   
135757   
135758   
135759   
135800   
135801   
135802   
135803   
135804   
135805   
135806   
135807   
135808   
135809   
135810   
135811   
135812   
135813   
135814   
135815   
135816   
135817   
135818   
135819   
135820   
135821   
135822   
135823   
135824   
135825   
135826   
135827   
135828   
135829   
135830   
135831   
135832   
135833   
135834   
135835   
135836   
135837   
135838   
135839   
135840   
135841   
135842   
135843   
135844   
135845   
135846   
135847   
135848   
135849   
135850   
135851   
135852   
135853   
135854   
135855   
135856   
135857   
135858   
135859   
135900   
135901   
135902   
135903   
135904   
135905   
135906   
135907   
135908   
135909   
135910   
135911   
135912   
135913   
135914   
135915   
135916   
135917   
135918   
135919   
135920   
135921   
135922   
135923   
135924   
135925   
135926   
135927   
135928   
135929   
135930   
135931   
135932   
135933   
135934   
135935   
135936   
135937   
135938   
135939   
135940   
135941   
135942   
135943   
135944   
135945   
135946   
135947   
135948   
135949   
135950   
135951   
135952   
135953   
135954   
135955   
135956   
135957   
135958   
135959   
