140000   
140001   
140002   
140003   
140004   
140005   
140006   
140007   
140008   
140009   
140010   
140011   
140012   
140013   
140014   
140015   
140016   
140017   
140018   
140019   
140020   
140021   
140022   
140023   
140024   
140025   
140026   
140027   
140028   
140029   
140030   
140031   
140032   
140033   
140034   
140035   
140036   
140037   
140038   
140039   
140040   
140041   
140042   
140043   
140044   
140045   
140046   
140047   
140048   
140049   
140050   
140051   
140052   
140053   
140054   
140055   
140056   
140057   
140058   
140059   
140100   
140101   
140102   
140103   
140104   
140105   
140106   
140107   
140108   
140109   
140110   
140111   
140112   
140113   
140114   
140115   
140116   
140117   
140118   
140119   
140120   
140121   
140122   
140123   
140124   
140125   
140126   
140127   
140128   
140129   
140130   
140131   
140132   
140133   
140134   
140135   
140136   
140137   
140138   
140139   
140140   
140141   
140142   
140143   
140144   
140145   
140146   
140147   
140148   
140149   
140150   
140151   
140152   
140153   
140154   
140155   
140156   
140157   
140158   
140159   
140200   
140201   
140202   
140203   
140204   
140205   
140206   
140207   
140208   
140209   
140210   
140211   
140212   
140213   
140214   
140215   
140216   
140217   
140218   
140219   
140220   
140221   
140222   
140223   
140224   
140225   
140226   
140227   
140228   
140229   
140230   
140231   
140232   
140233   
140234   
140235   
140236   
140237   
140238   
140239   
140240   
140241   
140242   
140243   
140244   
140245   
140246   
140247   
140248   
140249   
140250   
140251   
140252   
140253   
140254   
140255   
140256   
140257   
140258   
140259   
140300   
140301   
140302   
140303   
140304   
140305   
140306   
140307   
140308   
140309   
140310   
140311   
140312   
140313   
140314   
140315   
140316   
140317   
140318   
140319   
140320   
140321   
140322   
140323   
140324   
140325   
140326   
140327   
140328   
140329   
140330   
140331   
140332   
140333   
140334   
140335   
140336   
140337   
140338   
140339   
140340   
140341   
140342   
140343   
140344   
140345   
140346   
140347   
140348   
140349   
140350   
140351   
140352   
140353   
140354   
140355   
140356   
140357   
140358   
140359   
140400   
140401   
140402   
140403   
140404   
140405   
140406   
140407   
140408   
140409   
140410   
140411   
140412   
140413   
140414   
140415   
140416   
140417   
140418   
140419   
140420   
140421   
140422   
140423   
140424   
140425   
140426   
140427   
140428   
140429   
140430   
140431   
140432   
140433   
140434   
140435   
140436   
140437   
140438   
140439   
140440   
140441   
140442   
140443   
140444   
140445   
140446   
140447   
140448   
140449   
140450   
140451   
140452   
140453   
140454   
140455   
140456   
140457   
140458   
140459   
140500   
140501   
140502   
140503   
140504   
140505   
140506   
140507   
140508   
140509   
140510   
140511   
140512   
140513   
140514   
140515   
140516   
140517   
140518   
140519   
140520   
140521   
140522   
140523   
140524   
140525   
140526   
140527   
140528   
140529   
140530   
140531   
140532   
140533   
140534   
140535   
140536   
140537   
140538   
140539   
140540   
140541   
140542   
140543   
140544   
140545   
140546   
140547   
140548   
140549   
140550   
140551   
140552   
140553   
140554   
140555   
140556   
140557   
140558   
140559   
140600   
140601   
140602   
140603   
140604   
140605   
140606   
140607   
140608   
140609   
140610   
140611   
140612   
140613   
140614   
140615   
140616   
140617   
140618   
140619   
140620   
140621   
140622   
140623   
140624   
140625   
140626   
140627   
140628   
140629   
140630   
140631   
140632   
140633   
140634   
140635   
140636   
140637   
140638   
140639   
140640   
140641   
140642   
140643   
140644   
140645   
140646   
140647   
140648   
140649   
140650   
140651   
140652   
140653   
140654   
140655   
140656   
140657   
140658   
140659   
140700   
140701   
140702   
140703   
140704   
140705   
140706   
140707   
140708   
140709   
140710   
140711   
140712   
140713   
140714   
140715   
140716   
140717   
140718   
140719   
140720   
140721   
140722   
140723   
140724   
140725   
140726   
140727   
140728   
140729   
140730   
140731   
140732   
140733   
140734   
140735   
140736   
140737   
140738   
140739   
140740   
140741   
140742   
140743   
140744   
140745   
140746   
140747   
140748   
140749   
140750   
140751   
140752   
140753   
140754   
140755   
140756   
140757   
140758   
140759   
140800   
140801   
140802   
140803   
140804   
140805   
140806   
140807   
140808   
140809   
140810   
140811   
140812   
140813   
140814   
140815   
140816   
140817   
140818   
140819   
140820   
140821   
140822   
140823   
140824   
140825   
140826   
140827   
140828   
140829   
140830   
140831   
140832   
140833   
140834   
140835   
140836   
140837   
140838   
140839   
140840   
140841   
140842   
140843   
140844   
140845   
140846   
140847   
140848   
140849   
140850   
140851   
140852   
140853   
140854   
140855   
140856   
140857   
140858   
140859   
140900   
140901   
140902   
140903   
140904   
140905   
140906   
140907   
140908   
140909   
140910   
140911   
140912   
140913   
140914   
140915   
140916   
140917   
140918   
140919   
140920   
140921   
140922   
140923   
140924   
140925   
140926   
140927   
140928   
140929   
140930   
140931   
140932   
140933   
140934   
140935   
140936   
140937   
140938   
140939   
140940   
140941   
140942   
140943   
140944   
140945   
140946   
140947   
140948   
140949   
140950   
140951   
140952   
140953   
140954   
140955   
140956   
140957   
140958   
140959   
141000   
141001   
141002   
141003   
141004   
141005   
141006   
141007   
141008   
141009   
141010   
141011   
141012   
141013   
141014   
141015   
141016   
141017   
141018   
141019   
141020   
141021   
141022   
141023   
141024   
141025   
141026   
141027   
141028   
141029   
141030   
141031   
141032   
141033   
141034   
141035   
141036   
141037   
141038   
141039   
141040   
141041   
141042   
141043   
141044   
141045   
141046   
141047   
141048   
141049   
141050   
141051   
141052   
141053   
141054   
141055   
141056   
141057   
141058   
141059   
141100   
141101   
141102   
141103   
141104   
141105   
141106   
141107   
141108   
141109   
141110   
141111   
141112   
141113   
141114   
141115   
141116   
141117   
141118   
141119   
141120   
141121   
141122   
141123   
141124   
141125   
141126   
141127   
141128   
141129   
141130   
141131   
141132   
141133   
141134   
141135   
141136   
141137   
141138   
141139   
141140   
141141   
141142   
141143   
141144   
141145   
141146   
141147   
141148   
141149   
141150   
141151   
141152   
141153   
141154   
141155   
141156   
141157   
141158   
141159   
141200   
141201   
141202   
141203   
141204   
141205   
141206   
141207   
141208   
141209   
141210   
141211   
141212   
141213   
141214   
141215   
141216   
141217   
141218   
141219   
141220   
141221   
141222   
141223   
141224   
141225   
141226   
141227   
141228   
141229   
141230   
141231   
141232   
141233   
141234   
141235   
141236   
141237   
141238   
141239   
141240   
141241   
141242   
141243   
141244   
141245   
141246   
141247   
141248   
141249   
141250   
141251   
141252   
141253   
141254   
141255   
141256   
141257   
141258   
141259   
141300   
141301   
141302   
141303   
141304   
141305   
141306   
141307   
141308   
141309   
141310   
141311   
141312   
141313   
141314   
141315   
141316   
141317   
141318   
141319   
141320   
141321   
141322   
141323   
141324   
141325   
141326   
141327   
141328   
141329   
141330   
141331   
141332   
141333   
141334   
141335   
141336   
141337   
141338   
141339   
141340   
141341   
141342   
141343   
141344   
141345   
141346   
141347   
141348   
141349   
141350   
141351   
141352   
141353   
141354   
141355   
141356   
141357   
141358   
141359   
141400   
141401   
141402   
141403   
141404   
141405   
141406   
141407   
141408   
141409   
141410   
141411   
141412   
141413   
141414   
141415   
141416   
141417   
141418   
141419   
141420   
141421   
141422   
141423   
141424   
141425   
141426   
141427   
141428   
141429   
141430   
141431   
141432   
141433   
141434   
141435   
141436   
141437   
141438   
141439   
141440   
141441   
141442   
141443   
141444   
141445   
141446   
141447   
141448   
141449   
141450   
141451   
141452   
141453   
141454   
141455   
141456   
141457   
141458   
141459   
141500   
141501   
141502   
141503   
141504   
141505   
141506   
141507   
141508   
141509   
141510   
141511   
141512   
141513   
141514   
141515   
141516   
141517   
141518   
141519   
141520   
141521   
141522   
141523   
141524   
141525   
141526   
141527   
141528   
141529   
141530   
141531   
141532   
141533   
141534   
141535   
141536   
141537   
141538   
141539   
141540   
141541   
141542   
141543   
141544   
141545   
141546   
141547   
141548   
141549   
141550   
141551   
141552   
141553   
141554   
141555   
141556   
141557   
141558   
141559   
141600   
141601   
141602   
141603   
141604   
141605   
141606   
141607   
141608   
141609   
141610   
141611   
141612   
141613   
141614   
141615   
141616   
141617   
141618   
141619   
141620   
141621   
141622   
141623   
141624   
141625   
141626   
141627   
141628   
141629   
141630   
141631   
141632   
141633   
141634   
141635   
141636   
141637   
141638   
141639   
141640   
141641   
141642   
141643   
141644   
141645   
141646   
141647   
141648   
141649   
141650   
141651   
141652   
141653   
141654   
141655   
141656   
141657   
141658   
141659   
141700   
141701   
141702   
141703   
141704   
141705   
141706   
141707   
141708   
141709   
141710   
141711   
141712   
141713   
141714   
141715   
141716   
141717   
141718   
141719   
141720   
141721   
141722   
141723   
141724   
141725   
141726   
141727   
141728   
141729   
141730   
141731   
141732   
141733   
141734   
141735   
141736   
141737   
141738   
141739   
141740   
141741   
141742   
141743   
141744   
141745   
141746   
141747   
141748   
141749   
141750   
141751   
141752   
141753   
141754   
141755   
141756   
141757   
141758   
141759   
141800   
141801   
141802   
141803   
141804   
141805   
141806   
141807   
141808   
141809   
141810   
141811   
141812   
141813   
141814   
141815   
141816   
141817   
141818   
141819   
141820   
141821   
141822   
141823   
141824   
141825   
141826   
141827   
141828   
141829   
141830   
141831   
141832   
141833   
141834   
141835   
141836   
141837   
141838   
141839   
141840   
141841   
141842   
141843   
141844   
141845   
141846   
141847   
141848   
141849   
141850   
141851   
141852   
141853   
141854   
141855   
141856   
141857   
141858   
141859   
141900   
141901   
141902   
141903   
141904   
141905   
141906   
141907   
141908   
141909   
141910   
141911   
141912   
141913   
141914   
141915   
141916   
141917   
141918   
141919   
141920   
141921   
141922   
141923   
141924   
141925   
141926   
141927   
141928   
141929   
141930   
141931   
141932   
141933   
141934   
141935   
141936   
141937   
141938   
141939   
141940   
141941   
141942   
141943   
141944   
141945   
141946   
141947   
141948   
141949   
141950   
141951   
141952   
141953   
141954   
141955   
141956   
141957   
141958   
141959   
142000   
142001   
142002   
142003   
142004   
142005   
142006   
142007   
142008   
142009   
142010   
142011   
142012   
142013   
142014   
142015   
142016   
142017   
142018   
142019   
142020   
142021   
142022   
142023   
142024   
142025   
142026   
142027   
142028   
142029   
142030   
142031   
142032   
142033   
142034   
142035   
142036   
142037   
142038   
142039   
142040   
142041   
142042   
142043   
142044   
142045   
142046   
142047   
142048   
142049   
142050   
142051   
142052   
142053   
142054   
142055   
142056   
142057   
142058   
142059   
142100   
142101   
142102   
142103   
142104   
142105   
142106   
142107   
142108   
142109   
142110   
142111   
142112   
142113   
142114   
142115   
142116   
142117   
142118   
142119   
142120   
142121   
142122   
142123   
142124   
142125   
142126   
142127   
142128   
142129   
142130   
142131   
142132   
142133   
142134   
142135   
142136   
142137   
142138   
142139   
142140   
142141   
142142   
142143   
142144   
142145   
142146   
142147   
142148   
142149   
142150   
142151   
142152   
142153   
142154   
142155   
142156   
142157   
142158   
142159   
142200   
142201   
142202   
142203   
142204   
142205   
142206   
142207   
142208   
142209   
142210   
142211   
142212   
142213   
142214   
142215   
142216   
142217   
142218   
142219   
142220   
142221   
142222   
142223   
142224   
142225   
142226   
142227   
142228   
142229   
142230   
142231   
142232   
142233   
142234   
142235   
142236   
142237   
142238   
142239   
142240   
142241   
142242   
142243   
142244   
142245   
142246   
142247   
142248   
142249   
142250   
142251   
142252   
142253   
142254   
142255   
142256   
142257   
142258   
142259   
142300   
142301   
142302   
142303   
142304   
142305   
142306   
142307   
142308   
142309   
142310   
142311   
142312   
142313   
142314   
142315   
142316   
142317   
142318   
142319   
142320   
142321   
142322   
142323   
142324   
142325   
142326   
142327   
142328   
142329   
142330   
142331   
142332   
142333   
142334   
142335   
142336   
142337   
142338   
142339   
142340   
142341   
142342   
142343   
142344   
142345   
142346   
142347   
142348   
142349   
142350   
142351   
142352   
142353   
142354   
142355   
142356   
142357   
142358   
142359   
142400   
142401   
142402   
142403   
142404   
142405   
142406   
142407   
142408   
142409   
142410   
142411   
142412   
142413   
142414   
142415   
142416   
142417   
142418   
142419   
142420   
142421   
142422   
142423   
142424   
142425   
142426   
142427   
142428   
142429   
142430   
142431   
142432   
142433   
142434   
142435   
142436   
142437   
142438   
142439   
142440   
142441   
142442   
142443   
142444   
142445   
142446   
142447   
142448   
142449   
142450   
142451   
142452   
142453   
142454   
142455   
142456   
142457   
142458   
142459   
142500   
142501   
142502   
142503   
142504   
142505   
142506   
142507   
142508   
142509   
142510   
142511   
142512   
142513   
142514   
142515   
142516   
142517   
142518   
142519   
142520   
142521   
142522   
142523   
142524   
142525   
142526   
142527   
142528   
142529   
142530   
142531   
142532   
142533   
142534   
142535   
142536   
142537   
142538   
142539   
142540   
142541   
142542   
142543   
142544   
142545   
142546   
142547   
142548   
142549   
142550   
142551   
142552   
142553   
142554   
142555   
142556   
142557   
142558   
142559   
142600   
142601   
142602   
142603   
142604   
142605   
142606   
142607   
142608   
142609   
142610   
142611   
142612   
142613   
142614   
142615   
142616   
142617   
142618   
142619   
142620   
142621   
142622   
142623   
142624   
142625   
142626   
142627   
142628   
142629   
142630   
142631   
142632   
142633   
142634   
142635   
142636   
142637   
142638   
142639   
142640   
142641   
142642   
142643   
142644   
142645   
142646   
142647   
142648   
142649   
142650   
142651   
142652   
142653   
142654   
142655   
142656   
142657   
142658   
142659   
142700   
142701   
142702   
142703   
142704   
142705   
142706   
142707   
142708   
142709   
142710   
142711   
142712   
142713   
142714   
142715   
142716   
142717   
142718   
142719   
142720   
142721   
142722   
142723   
142724   
142725   
142726   
142727   
142728   
142729   
142730   
142731   
142732   
142733   
142734   
142735   
142736   
142737   
142738   
142739   
142740   
142741   
142742   
142743   
142744   
142745   
142746   
142747   
142748   
142749   
142750   
142751   
142752   
142753   
142754   
142755   
142756   
142757   
142758   
142759   
142800   
142801   
142802   
142803   
142804   
142805   
142806   
142807   
142808   
142809   
142810   
142811   
142812   
142813   
142814   
142815   
142816   
142817   
142818   
142819   
142820   
142821   
142822   
142823   
142824   
142825   
142826   
142827   
142828   
142829   
142830   
142831   
142832   
142833   
142834   
142835   
142836   
142837   
142838   
142839   
142840   
142841   
142842   
142843   
142844   
142845   
142846   
142847   
142848   
142849   
142850   
142851   
142852   
142853   
142854   
142855   
142856   
142857   
142858   
142859   
142900   
142901   
142902   
142903   
142904   
142905   
142906   
142907   
142908   
142909   
142910   
142911   
142912   
142913   
142914   
142915   
142916   
142917   
142918   
142919   
142920   
142921   
142922   
142923   
142924   
142925   
142926   
142927   
142928   
142929   
142930   
142931   
142932   
142933   
142934   
142935   
142936   
142937   
142938   
142939   
142940   
142941   
142942   
142943   
142944   
142945   
142946   
142947   
142948   
142949   
142950   
142951   
142952   
142953   
142954   
142955   
142956   
142957   
142958   
142959   
143000   
143001   
143002   
143003   
143004   
143005   
143006   
143007   
143008   
143009   
143010   
143011   
143012   
143013   
143014   
143015   
143016   
143017   
143018   
143019   
143020   
143021   
143022   
143023   
143024   
143025   
143026   
143027   
143028   
143029   
143030   
143031   
143032   
143033   
143034   
143035   
143036   
143037   
143038   
143039   
143040   
143041   
143042   
143043   
143044   
143045   
143046   
143047   
143048   
143049   
143050   
143051   
143052   
143053   
143054   
143055   
143056   
143057   
143058   
143059   
143100   
143101   
143102   
143103   
143104   
143105   
143106   
143107   
143108   
143109   
143110   
143111   
143112   
143113   
143114   
143115   
143116   
143117   
143118   
143119   
143120   
143121   
143122   
143123   
143124   
143125   
143126   
143127   
143128   
143129   
143130   
143131   
143132   
143133   
143134   
143135   
143136   
143137   
143138   
143139   
143140   
143141   
143142   
143143   
143144   
143145   
143146   
143147   
143148   
143149   
143150   
143151   
143152   
143153   
143154   
143155   
143156   
143157   
143158   
143159   
143200   
143201   
143202   
143203   
143204   
143205   
143206   
143207   
143208   
143209   
143210   
143211   
143212   
143213   
143214   
143215   
143216   
143217   
143218   
143219   
143220   
143221   
143222   
143223   
143224   
143225   
143226   
143227   
143228   
143229   
143230   
143231   
143232   
143233   
143234   
143235   
143236   
143237   
143238   
143239   
143240   
143241   
143242   
143243   
143244   
143245   
143246   
143247   
143248   
143249   
143250   
143251   
143252   
143253   
143254   
143255   
143256   
143257   
143258   
143259   
143300   
143301   
143302   
143303   
143304   
143305   
143306   
143307   
143308   
143309   
143310   
143311   
143312   
143313   
143314   
143315   
143316   
143317   
143318   
143319   
143320   
143321   
143322   
143323   
143324   
143325   
143326   
143327   
143328   
143329   
143330   
143331   
143332   
143333   
143334   
143335   
143336   
143337   
143338   
143339   
143340   
143341   
143342   
143343   
143344   
143345   
143346   
143347   
143348   
143349   
143350   
143351   
143352   
143353   
143354   
143355   
143356   
143357   
143358   
143359   
143400   
143401   
143402   
143403   
143404   
143405   
143406   
143407   
143408   
143409   
143410   
143411   
143412   
143413   
143414   
143415   
143416   
143417   
143418   
143419   
143420   
143421   
143422   
143423   
143424   
143425   
143426   
143427   
143428   
143429   
143430   
143431   
143432   
143433   
143434   
143435   
143436   
143437   
143438   
143439   
143440   
143441   
143442   
143443   
143444   
143445   
143446   
143447   
143448   
143449   
143450   
143451   
143452   
143453   
143454   
143455   
143456   
143457   
143458   
143459   
143500   
143501   
143502   
143503   
143504   
143505   
143506   
143507   
143508   
143509   
143510   
143511   
143512   
143513   
143514   
143515   
143516   
143517   
143518   
143519   
143520   
143521   
143522   
143523   
143524   
143525   
143526   
143527   
143528   
143529   
143530   
143531   
143532   
143533   
143534   
143535   
143536   
143537   
143538   
143539   
143540   
143541   
143542   
143543   
143544   
143545   
143546   
143547   
143548   
143549   
143550   
143551   
143552   
143553   
143554   
143555   
143556   
143557   
143558   
143559   
143600   
143601   
143602   
143603   
143604   
143605   
143606   
143607   
143608   
143609   
143610   
143611   
143612   
143613   
143614   
143615   
143616   
143617   
143618   
143619   
143620   
143621   
143622   
143623   
143624   
143625   
143626   
143627   
143628   
143629   
143630   
143631   
143632   
143633   
143634   
143635   
143636   
143637   
143638   
143639   
143640   
143641   
143642   
143643   
143644   
143645   
143646   
143647   
143648   
143649   
143650   
143651   
143652   
143653   
143654   
143655   
143656   
143657   
143658   
143659   
143700   
143701   
143702   
143703   
143704   
143705   
143706   
143707   
143708   
143709   
143710   
143711   
143712   
143713   
143714   
143715   
143716   
143717   
143718   
143719   
143720   
143721   
143722   
143723   
143724   
143725   
143726   
143727   
143728   
143729   
143730   
143731   
143732   
143733   
143734   
143735   
143736   
143737   
143738   
143739   
143740   
143741   
143742   
143743   
143744   
143745   
143746   
143747   
143748   
143749   
143750   
143751   
143752   
143753   
143754   
143755   
143756   
143757   
143758   
143759   
143800   
143801   
143802   
143803   
143804   
143805   
143806   
143807   
143808   
143809   
143810   
143811   
143812   
143813   
143814   
143815   
143816   
143817   
143818   
143819   
143820   
143821   
143822   
143823   
143824   
143825   
143826   
143827   
143828   
143829   
143830   
143831   
143832   
143833   
143834   
143835   
143836   
143837   
143838   
143839   
143840   
143841   
143842   
143843   
143844   
143845   
143846   
143847   
143848   
143849   
143850   
143851   
143852   
143853   
143854   
143855   
143856   
143857   
143858   
143859   
143900   
143901   
143902   
143903   
143904   
143905   
143906   
143907   
143908   
143909   
143910   
143911   
143912   
143913   
143914   
143915   
143916   
143917   
143918   
143919   
143920   
143921   
143922   
143923   
143924   
143925   
143926   
143927   
143928   
143929   
143930   
143931   
143932   
143933   
143934   
143935   
143936   
143937   
143938   
143939   
143940   
143941   
143942   
143943   
143944   
143945   
143946   
143947   
143948   
143949   
143950   
143951   
143952   
143953   
143954   
143955   
143956   
143957   
143958   
143959   
144000   
144001   
144002   
144003   
144004   
144005   
144006   
144007   
144008   
144009   
144010   
144011   
144012   
144013   
144014   
144015   
144016   
144017   
144018   
144019   
144020   
144021   
144022   
144023   
144024   
144025   
144026   
144027   
144028   
144029   
144030   
144031   
144032   
144033   
144034   
144035   
144036   
144037   
144038   
144039   
144040   
144041   
144042   
144043   
144044   
144045   
144046   
144047   
144048   
144049   
144050   
144051   
144052   
144053   
144054   
144055   
144056   
144057   
144058   
144059   
144100   
144101   
144102   
144103   
144104   
144105   
144106   
144107   
144108   
144109   
144110   
144111   
144112   
144113   
144114   
144115   
144116   
144117   
144118   
144119   
144120   
144121   
144122   
144123   
144124   
144125   
144126   
144127   
144128   
144129   
144130   
144131   
144132   
144133   
144134   
144135   
144136   
144137   
144138   
144139   
144140   
144141   
144142   
144143   
144144   
144145   
144146   
144147   
144148   
144149   
144150   
144151   
144152   
144153   
144154   
144155   
144156   
144157   
144158   
144159   
144200   
144201   
144202   
144203   
144204   
144205   
144206   
144207   
144208   
144209   
144210   
144211   
144212   
144213   
144214   
144215   
144216   
144217   
144218   
144219   
144220   
144221   
144222   
144223   
144224   
144225   
144226   
144227   
144228   
144229   
144230   
144231   
144232   
144233   
144234   
144235   
144236   
144237   
144238   
144239   
144240   
144241   
144242   
144243   
144244   
144245   
144246   
144247   
144248   
144249   
144250   
144251   
144252   
144253   
144254   
144255   
144256   
144257   
144258   
144259   
144300   
144301   
144302   
144303   
144304   
144305   
144306   
144307   
144308   
144309   
144310   
144311   
144312   
144313   
144314   
144315   
144316   
144317   
144318   
144319   
144320   
144321   
144322   
144323   
144324   
144325   
144326   
144327   
144328   
144329   
144330   
144331   
144332   
144333   
144334   
144335   
144336   
144337   
144338   
144339   
144340   
144341   
144342   
144343   
144344   
144345   
144346   
144347   
144348   
144349   
144350   
144351   
144352   
144353   
144354   
144355   
144356   
144357   
144358   
144359   
144400   
144401   
144402   
144403   
144404   
144405   
144406   
144407   
144408   
144409   
144410   
144411   
144412   
144413   
144414   
144415   
144416   
144417   
144418   
144419   
144420   
144421   
144422   
144423   
144424   
144425   
144426   
144427   
144428   
144429   
144430   
144431   
144432   
144433   
144434   
144435   
144436   
144437   
144438   
144439   
144440   
144441   
144442   
144443   
144444   
144445   
144446   
144447   
144448   
144449   
144450   
144451   
144452   
144453   
144454   
144455   
144456   
144457   
144458   
144459   
144500   
144501   
144502   
144503   
144504   
144505   
144506   
144507   
144508   
144509   
144510   
144511   
144512   
144513   
144514   
144515   
144516   
144517   
144518   
144519   
144520   
144521   
144522   
144523   
144524   
144525   
144526   
144527   
144528   
144529   
144530   
144531   
144532   
144533   
144534   
144535   
144536   
144537   
144538   
144539   
144540   
144541   
144542   
144543   
144544   
144545   
144546   
144547   
144548   
144549   
144550   
144551   
144552   
144553   
144554   
144555   
144556   
144557   
144558   
144559   
144600   
144601   
144602   
144603   
144604   
144605   
144606   
144607   
144608   
144609   
144610   
144611   
144612   
144613   
144614   
144615   
144616   
144617   
144618   
144619   
144620   
144621   
144622   
144623   
144624   
144625   
144626   
144627   
144628   
144629   
144630   
144631   
144632   
144633   
144634   
144635   
144636   
144637   
144638   
144639   
144640   
144641   
144642   
144643   
144644   
144645   
144646   
144647   
144648   
144649   
144650   
144651   
144652   
144653   
144654   
144655   
144656   
144657   
144658   
144659   
144700   
144701   
144702   
144703   
144704   
144705   
144706   
144707   
144708   
144709   
144710   
144711   
144712   
144713   
144714   
144715   
144716   
144717   
144718   
144719   
144720   
144721   
144722   
144723   
144724   
144725   
144726   
144727   
144728   
144729   
144730   
144731   
144732   
144733   
144734   
144735   
144736   
144737   
144738   
144739   
144740   
144741   
144742   
144743   
144744   
144745   
144746   
144747   
144748   
144749   
144750   
144751   
144752   
144753   
144754   
144755   
144756   
144757   
144758   
144759   
144800   
144801   
144802   
144803   
144804   
144805   
144806   
144807   
144808   
144809   
144810   
144811   
144812   
144813   
144814   
144815   
144816   
144817   
144818   
144819   
144820   
144821   
144822   
144823   
144824   
144825   
144826   
144827   
144828   
144829   
144830   
144831   
144832   
144833   
144834   
144835   
144836   
144837   
144838   
144839   
144840   
144841   
144842   
144843   
144844   
144845   
144846   
144847   
144848   
144849   
144850   
144851   
144852   
144853   
144854   
144855   
144856   
144857   
144858   
144859   
144900   
144901   
144902   
144903   
144904   
144905   
144906   
144907   
144908   
144909   
144910   
144911   
144912   
144913   
144914   
144915   
144916   
144917   
144918   
144919   
144920   
144921   
144922   
144923   
144924   
144925   
144926   
144927   
144928   
144929   
144930   
144931   
144932   
144933   
144934   
144935   
144936   
144937   
144938   
144939   
144940   
144941   
144942   
144943   
144944   
144945   
144946   
144947   
144948   
144949   
144950   
144951   
144952   
144953   
144954   
144955   
144956   
144957   
144958   
144959   
145000   
145001   
145002   
145003   
145004   
145005   
145006   
145007   
145008   
145009   
145010   
145011   
145012   
145013   
145014   
145015   
145016   
145017   
145018   
145019   
145020   
145021   
145022   
145023   
145024   
145025   
145026   
145027   
145028   
145029   
145030   
145031   
145032   
145033   
145034   
145035   
145036   
145037   
145038   
145039   
145040   
145041   
145042   
145043   
145044   
145045   
145046   
145047   
145048   
145049   
145050   
145051   
145052   
145053   
145054   
145055   
145056   
145057   
145058   
145059   
145100   
145101   
145102   
145103   
145104   
145105   
145106   
145107   
145108   
145109   
145110   
145111   
145112   
145113   
145114   
145115   
145116   
145117   
145118   
145119   
145120   
145121   
145122   
145123   
145124   
145125   
145126   
145127   
145128   
145129   
145130   
145131   
145132   
145133   
145134   
145135   
145136   
145137   
145138   
145139   
145140   
145141   
145142   
145143   
145144   
145145   
145146   
145147   
145148   
145149   
145150   
145151   
145152   
145153   
145154   
145155   
145156   
145157   
145158   
145159   
145200   
145201   
145202   
145203   
145204   
145205   
145206   
145207   
145208   
145209   
145210   
145211   
145212   
145213   
145214   
145215   
145216   
145217   
145218   
145219   
145220   
145221   
145222   
145223   
145224   
145225   
145226   
145227   
145228   
145229   
145230   
145231   
145232   
145233   
145234   
145235   
145236   
145237   
145238   
145239   
145240   
145241   
145242   
145243   
145244   
145245   
145246   
145247   
145248   
145249   
145250   
145251   
145252   
145253   
145254   
145255   
145256   
145257   
145258   
145259   
145300   
145301   
145302   
145303   
145304   
145305   
145306   
145307   
145308   
145309   
145310   
145311   
145312   
145313   
145314   
145315   
145316   
145317   
145318   
145319   
145320   
145321   
145322   
145323   
145324   
145325   
145326   
145327   
145328   
145329   
145330   
145331   
145332   
145333   
145334   
145335   
145336   
145337   
145338   
145339   
145340   
145341   
145342   
145343   
145344   
145345   
145346   
145347   
145348   
145349   
145350   
145351   
145352   
145353   
145354   
145355   
145356   
145357   
145358   
145359   
145400   
145401   
145402   
145403   
145404   
145405   
145406   
145407   
145408   
145409   
145410   
145411   
145412   
145413   
145414   
145415   
145416   
145417   
145418   
145419   
145420   
145421   
145422   
145423   
145424   
145425   
145426   
145427   
145428   
145429   
145430   
145431   
145432   
145433   
145434   
145435   
145436   
145437   
145438   
145439   
145440   
145441   
145442   
145443   
145444   
145445   
145446   
145447   
145448   
145449   
145450   
145451   
145452   
145453   
145454   
145455   
145456   
145457   
145458   
145459   
145500   
145501   
145502   
145503   
145504   
145505   
145506   
145507   
145508   
145509   
145510   
145511   
145512   
145513   
145514   
145515   
145516   
145517   
145518   
145519   
145520   
145521   
145522   
145523   
145524   
145525   
145526   
145527   
145528   
145529   
145530   
145531   
145532   
145533   
145534   
145535   
145536   
145537   
145538   
145539   
145540   
145541   
145542   
145543   
145544   
145545   
145546   
145547   
145548   
145549   
145550   
145551   
145552   
145553   
145554   
145555   
145556   
145557   
145558   
145559   
145600   
145601   
145602   
145603   
145604   
145605   
145606   
145607   
145608   
145609   
145610   
145611   
145612   
145613   
145614   
145615   
145616   
145617   
145618   
145619   
145620   
145621   
145622   
145623   
145624   
145625   
145626   
145627   
145628   
145629   
145630   
145631   
145632   
145633   
145634   
145635   
145636   
145637   
145638   
145639   
145640   
145641   
145642   
145643   
145644   
145645   
145646   
145647   
145648   
145649   
145650   
145651   
145652   
145653   
145654   
145655   
145656   
145657   
145658   
145659   
145700   
145701   
145702   
145703   
145704   
145705   
145706   
145707   
145708   
145709   
145710   
145711   
145712   
145713   
145714   
145715   
145716   
145717   
145718   
145719   
145720   
145721   
145722   
145723   
145724   
145725   
145726   
145727   
145728   
145729   
145730   
145731   
145732   
145733   
145734   
145735   
145736   
145737   
145738   
145739   
145740   
145741   
145742   
145743   
145744   
145745   
145746   
145747   
145748   
145749   
145750   
145751   
145752   
145753   
145754   
145755   
145756   
145757   
145758   
145759   
145800   
145801   
145802   
145803   
145804   
145805   
145806   
145807   
145808   
145809   
145810   
145811   
145812   
145813   
145814   
145815   
145816   
145817   
145818   
145819   
145820   
145821   
145822   
145823   
145824   
145825   
145826   
145827   
145828   
145829   
145830   
145831   
145832   
145833   
145834   
145835   
145836   
145837   
145838   
145839   
145840   
145841   
145842   
145843   
145844   
145845   
145846   
145847   
145848   
145849   
145850   
145851   
145852   
145853   
145854   
145855   
145856   
145857   
145858   
145859   
145900   
145901   
145902   
145903   
145904   
145905   
145906   
145907   
145908   
145909   
145910   
145911   
145912   
145913   
145914   
145915   
145916   
145917   
145918   
145919   
145920   
145921   
145922   
145923   
145924   
145925   
145926   
145927   
145928   
145929   
145930   
145931   
145932   
145933   
145934   
145935   
145936   
145937   
145938   
145939   
145940   
145941   
145942   
145943   
145944   
145945   
145946   
145947   
145948   
145949   
145950   
145951   
145952   
145953   
145954   
145955   
145956   
145957   
145958   
145959   
