150000   
150001   
150002   
150003   
150004   
150005   
150006   
150007   
150008   
150009   
150010   
150011   
150012   
150013   
150014   
150015   
150016   
150017   
150018   
150019   
150020   
150021   
150022   
150023   
150024   
150025   
150026   
150027   
150028   
150029   
150030   
150031   
150032   
150033   
150034   
150035   
150036   
150037   
150038   
150039   
150040   
150041   
150042   
150043   
150044   
150045   
150046   
150047   
150048   
150049   
150050   
150051   
150052   
150053   
150054   
150055   
150056   
150057   
150058   
150059   
150100   
150101   
150102   
150103   
150104   
150105   
150106   
150107   
150108   
150109   
150110   
150111   
150112   
150113   
150114   
150115   
150116   
150117   
150118   
150119   
150120   
150121   
150122   
150123   
150124   
150125   
150126   
150127   
150128   
150129   
150130   
150131   
150132   
150133   
150134   
150135   
150136   
150137   
150138   
150139   
150140   
150141   
150142   
150143   
150144   
150145   
150146   
150147   
150148   
150149   
150150   
150151   
150152   
150153   
150154   
150155   
150156   
150157   
150158   
150159   
150200   
150201   
150202   
150203   
150204   
150205   
150206   
150207   
150208   
150209   
150210   
150211   
150212   
150213   
150214   
150215   
150216   
150217   
150218   
150219   
150220   
150221   
150222   
150223   
150224   
150225   
150226   
150227   
150228   
150229   
150230   
150231   
150232   
150233   
150234   
150235   
150236   
150237   
150238   
150239   
150240   
150241   
150242   
150243   
150244   
150245   
150246   
150247   
150248   
150249   
150250   
150251   
150252   
150253   
150254   
150255   
150256   
150257   
150258   
150259   
150300   
150301   
150302   
150303   
150304   
150305   
150306   
150307   
150308   
150309   
150310   
150311   
150312   
150313   
150314   
150315   
150316   
150317   
150318   
150319   
150320   
150321   
150322   
150323   
150324   
150325   
150326   
150327   
150328   
150329   
150330   
150331   
150332   
150333   
150334   
150335   
150336   
150337   
150338   
150339   
150340   
150341   
150342   
150343   
150344   
150345   
150346   
150347   
150348   
150349   
150350   
150351   
150352   
150353   
150354   
150355   
150356   
150357   
150358   
150359   
150400   
150401   
150402   
150403   
150404   
150405   
150406   
150407   
150408   
150409   
150410   
150411   
150412   
150413   
150414   
150415   
150416   
150417   
150418   
150419   
150420   
150421   
150422   
150423   
150424   
150425   
150426   
150427   
150428   
150429   
150430   
150431   
150432   
150433   
150434   
150435   
150436   
150437   
150438   
150439   
150440   
150441   
150442   
150443   
150444   
150445   
150446   
150447   
150448   
150449   
150450   
150451   
150452   
150453   
150454   
150455   
150456   
150457   
150458   
150459   
150500   
150501   
150502   
150503   
150504   
150505   
150506   
150507   
150508   
150509   
150510   
150511   
150512   
150513   
150514   
150515   
150516   
150517   
150518   
150519   
150520   
150521   
150522   
150523   
150524   
150525   
150526   
150527   
150528   
150529   
150530   
150531   
150532   
150533   
150534   
150535   
150536   
150537   
150538   
150539   
150540   
150541   
150542   
150543   
150544   
150545   
150546   
150547   
150548   
150549   
150550   
150551   
150552   
150553   
150554   
150555   
150556   
150557   
150558   
150559   
150600   
150601   
150602   
150603   
150604   
150605   
150606   
150607   
150608   
150609   
150610   
150611   
150612   
150613   
150614   
150615   
150616   
150617   
150618   
150619   
150620   
150621   
150622   
150623   
150624   
150625   
150626   
150627   
150628   
150629   
150630   
150631   
150632   
150633   
150634   
150635   
150636   
150637   
150638   
150639   
150640   
150641   
150642   
150643   
150644   
150645   
150646   
150647   
150648   
150649   
150650   
150651   
150652   
150653   
150654   
150655   
150656   
150657   
150658   
150659   
150700   
150701   
150702   
150703   
150704   
150705   
150706   
150707   
150708   
150709   
150710   
150711   
150712   
150713   
150714   
150715   
150716   
150717   
150718   
150719   
150720   
150721   
150722   
150723   
150724   
150725   
150726   
150727   
150728   
150729   
150730   
150731   
150732   
150733   
150734   
150735   
150736   
150737   
150738   
150739   
150740   
150741   
150742   
150743   
150744   
150745   
150746   
150747   
150748   
150749   
150750   
150751   
150752   
150753   
150754   
150755   
150756   
150757   
150758   
150759   
150800   
150801   
150802   
150803   
150804   
150805   
150806   
150807   
150808   
150809   
150810   
150811   
150812   
150813   
150814   
150815   
150816   
150817   
150818   
150819   
150820   
150821   
150822   
150823   
150824   
150825   
150826   
150827   
150828   
150829   
150830   
150831   
150832   
150833   
150834   
150835   
150836   
150837   
150838   
150839   
150840   
150841   
150842   
150843   
150844   
150845   
150846   
150847   
150848   
150849   
150850   
150851   
150852   
150853   
150854   
150855   
150856   
150857   
150858   
150859   
150900   
150901   
150902   
150903   
150904   
150905   
150906   
150907   
150908   
150909   
150910   
150911   
150912   
150913   
150914   
150915   
150916   
150917   
150918   
150919   
150920   
150921   
150922   
150923   
150924   
150925   
150926   
150927   
150928   
150929   
150930   
150931   
150932   
150933   
150934   
150935   
150936   
150937   
150938   
150939   
150940   
150941   
150942   
150943   
150944   
150945   
150946   
150947   
150948   
150949   
150950   
150951   
150952   
150953   
150954   
150955   
150956   
150957   
150958   
150959   
151000   
151001   
151002   
151003   
151004   
151005   
151006   
151007   
151008   
151009   
151010   
151011   
151012   
151013   
151014   
151015   
151016   
151017   
151018   
151019   
151020   
151021   
151022   
151023   
151024   
151025   
151026   
151027   
151028   
151029   
151030   
151031   
151032   
151033   
151034   
151035   
151036   
151037   
151038   
151039   
151040   
151041   
151042   
151043   
151044   
151045   
151046   
151047   
151048   
151049   
151050   
151051   
151052   
151053   
151054   
151055   
151056   
151057   
151058   
151059   
151100   
151101   
151102   
151103   
151104   
151105   
151106   
151107   
151108   
151109   
151110   
151111   
151112   
151113   
151114   
151115   
151116   
151117   
151118   
151119   
151120   
151121   
151122   
151123   
151124   
151125   
151126   
151127   
151128   
151129   
151130   
151131   
151132   
151133   
151134   
151135   
151136   
151137   
151138   
151139   
151140   
151141   
151142   
151143   
151144   
151145   
151146   
151147   
151148   
151149   
151150   
151151   
151152   
151153   
151154   
151155   
151156   
151157   
151158   
151159   
151200   
151201   
151202   
151203   
151204   
151205   
151206   
151207   
151208   
151209   
151210   
151211   
151212   
151213   
151214   
151215   
151216   
151217   
151218   
151219   
151220   
151221   
151222   
151223   
151224   
151225   
151226   
151227   
151228   
151229   
151230   
151231   
151232   
151233   
151234   
151235   
151236   
151237   
151238   
151239   
151240   
151241   
151242   
151243   
151244   
151245   
151246   
151247   
151248   
151249   
151250   
151251   
151252   
151253   
151254   
151255   
151256   
151257   
151258   
151259   
151300   
151301   
151302   
151303   
151304   
151305   
151306   
151307   
151308   
151309   
151310   
151311   
151312   
151313   
151314   
151315   
151316   
151317   
151318   
151319   
151320   
151321   
151322   
151323   
151324   
151325   
151326   
151327   
151328   
151329   
151330   
151331   
151332   
151333   
151334   
151335   
151336   
151337   
151338   
151339   
151340   
151341   
151342   
151343   
151344   
151345   
151346   
151347   
151348   
151349   
151350   
151351   
151352   
151353   
151354   
151355   
151356   
151357   
151358   
151359   
151400   
151401   
151402   
151403   
151404   
151405   
151406   
151407   
151408   
151409   
151410   
151411   
151412   
151413   
151414   
151415   
151416   
151417   
151418   
151419   
151420   
151421   
151422   
151423   
151424   
151425   
151426   
151427   
151428   
151429   
151430   
151431   
151432   
151433   
151434   
151435   
151436   
151437   
151438   
151439   
151440   
151441   
151442   
151443   
151444   
151445   
151446   
151447   
151448   
151449   
151450   
151451   
151452   
151453   
151454   
151455   
151456   
151457   
151458   
151459   
151500   
151501   
151502   
151503   
151504   
151505   
151506   
151507   
151508   
151509   
151510   
151511   
151512   
151513   
151514   
151515   
151516   
151517   
151518   
151519   
151520   
151521   
151522   
151523   
151524   
151525   
151526   
151527   
151528   
151529   
151530   
151531   
151532   
151533   
151534   
151535   
151536   
151537   
151538   
151539   
151540   
151541   
151542   
151543   
151544   
151545   
151546   
151547   
151548   
151549   
151550   
151551   
151552   
151553   
151554   
151555   
151556   
151557   
151558   
151559   
151600   
151601   
151602   
151603   
151604   
151605   
151606   
151607   
151608   
151609   
151610   
151611   
151612   
151613   
151614   
151615   
151616   
151617   
151618   
151619   
151620   
151621   
151622   
151623   
151624   
151625   
151626   
151627   
151628   
151629   
151630   
151631   
151632   
151633   
151634   
151635   
151636   
151637   
151638   
151639   
151640   
151641   
151642   
151643   
151644   
151645   
151646   
151647   
151648   
151649   
151650   
151651   
151652   
151653   
151654   
151655   
151656   
151657   
151658   
151659   
151700   
151701   
151702   
151703   
151704   
151705   
151706   
151707   
151708   
151709   
151710   
151711   
151712   
151713   
151714   
151715   
151716   
151717   
151718   
151719   
151720   
151721   
151722   
151723   
151724   
151725   
151726   
151727   
151728   
151729   
151730   
151731   
151732   
151733   
151734   
151735   
151736   
151737   
151738   
151739   
151740   
151741   
151742   
151743   
151744   
151745   
151746   
151747   
151748   
151749   
151750   
151751   
151752   
151753   
151754   
151755   
151756   
151757   
151758   
151759   
151800   
151801   
151802   
151803   
151804   
151805   
151806   
151807   
151808   
151809   
151810   
151811   
151812   
151813   
151814   
151815   
151816   
151817   
151818   
151819   
151820   
151821   
151822   
151823   
151824   
151825   
151826   
151827   
151828   
151829   
151830   
151831   
151832   
151833   
151834   
151835   
151836   
151837   
151838   
151839   
151840   
151841   
151842   
151843   
151844   
151845   
151846   
151847   
151848   
151849   
151850   
151851   
151852   
151853   
151854   
151855   
151856   
151857   
151858   
151859   
151900   
151901   
151902   
151903   
151904   
151905   
151906   
151907   
151908   
151909   
151910   
151911   
151912   
151913   
151914   
151915   
151916   
151917   
151918   
151919   
151920   
151921   
151922   
151923   
151924   
151925   
151926   
151927   
151928   
151929   
151930   
151931   
151932   
151933   
151934   
151935   
151936   
151937   
151938   
151939   
151940   
151941   
151942   
151943   
151944   
151945   
151946   
151947   
151948   
151949   
151950   
151951   
151952   
151953   
151954   
151955   
151956   
151957   
151958   
151959   
152000   
152001   
152002   
152003   
152004   
152005   
152006   
152007   
152008   
152009   
152010   
152011   
152012   
152013   
152014   
152015   
152016   
152017   
152018   
152019   
152020   
152021   
152022   
152023   
152024   
152025   
152026   
152027   
152028   
152029   
152030   
152031   
152032   
152033   
152034   
152035   
152036   
152037   
152038   
152039   
152040   
152041   
152042   
152043   
152044   
152045   
152046   
152047   
152048   
152049   
152050   
152051   
152052   
152053   
152054   
152055   
152056   
152057   
152058   
152059   
152100   
152101   
152102   
152103   
152104   
152105   
152106   
152107   
152108   
152109   
152110   
152111   
152112   
152113   
152114   
152115   
152116   
152117   
152118   
152119   
152120   
152121   
152122   
152123   
152124   
152125   
152126   
152127   
152128   
152129   
152130   
152131   
152132   
152133   
152134   
152135   
152136   
152137   
152138   
152139   
152140   
152141   
152142   
152143   
152144   
152145   
152146   
152147   
152148   
152149   
152150   
152151   
152152   
152153   
152154   
152155   
152156   
152157   
152158   
152159   
152200   
152201   
152202   
152203   
152204   
152205   
152206   
152207   
152208   
152209   
152210   
152211   
152212   
152213   
152214   
152215   
152216   
152217   
152218   
152219   
152220   
152221   
152222   
152223   
152224   
152225   
152226   
152227   
152228   
152229   
152230   
152231   
152232   
152233   
152234   
152235   
152236   
152237   
152238   
152239   
152240   
152241   
152242   
152243   
152244   
152245   
152246   
152247   
152248   
152249   
152250   
152251   
152252   
152253   
152254   
152255   
152256   
152257   
152258   
152259   
152300   
152301   
152302   
152303   
152304   
152305   
152306   
152307   
152308   
152309   
152310   
152311   
152312   
152313   
152314   
152315   
152316   
152317   
152318   
152319   
152320   
152321   
152322   
152323   
152324   
152325   
152326   
152327   
152328   
152329   
152330   
152331   
152332   
152333   
152334   
152335   
152336   
152337   
152338   
152339   
152340   
152341   
152342   
152343   
152344   
152345   
152346   
152347   
152348   
152349   
152350   
152351   
152352   
152353   
152354   
152355   
152356   
152357   
152358   
152359   
152400   
152401   
152402   
152403   
152404   
152405   
152406   
152407   
152408   
152409   
152410   
152411   
152412   
152413   
152414   
152415   
152416   
152417   
152418   
152419   
152420   
152421   
152422   
152423   
152424   
152425   
152426   
152427   
152428   
152429   
152430   
152431   
152432   
152433   
152434   
152435   
152436   
152437   
152438   
152439   
152440   
152441   
152442   
152443   
152444   
152445   
152446   
152447   
152448   
152449   
152450   
152451   
152452   
152453   
152454   
152455   
152456   
152457   
152458   
152459   
152500   
152501   
152502   
152503   
152504   
152505   
152506   
152507   
152508   
152509   
152510   
152511   
152512   
152513   
152514   
152515   
152516   
152517   
152518   
152519   
152520   
152521   
152522   
152523   
152524   
152525   
152526   
152527   
152528   
152529   
152530   
152531   
152532   
152533   
152534   
152535   
152536   
152537   
152538   
152539   
152540   
152541   
152542   
152543   
152544   
152545   
152546   
152547   
152548   
152549   
152550   
152551   
152552   
152553   
152554   
152555   
152556   
152557   
152558   
152559   
152600   
152601   
152602   
152603   
152604   
152605   
152606   
152607   
152608   
152609   
152610   
152611   
152612   
152613   
152614   
152615   
152616   
152617   
152618   
152619   
152620   
152621   
152622   
152623   
152624   
152625   
152626   
152627   
152628   
152629   
152630   
152631   
152632   
152633   
152634   
152635   
152636   
152637   
152638   
152639   
152640   
152641   
152642   
152643   
152644   
152645   
152646   
152647   
152648   
152649   
152650   
152651   
152652   
152653   
152654   
152655   
152656   
152657   
152658   
152659   
152700   
152701   
152702   
152703   
152704   
152705   
152706   
152707   
152708   
152709   
152710   
152711   
152712   
152713   
152714   
152715   
152716   
152717   
152718   
152719   
152720   
152721   
152722   
152723   
152724   
152725   
152726   
152727   
152728   
152729   
152730   
152731   
152732   
152733   
152734   
152735   
152736   
152737   
152738   
152739   
152740   
152741   
152742   
152743   
152744   
152745   
152746   
152747   
152748   
152749   
152750   
152751   
152752   
152753   
152754   
152755   
152756   
152757   
152758   
152759   
152800   
152801   
152802   
152803   
152804   
152805   
152806   
152807   
152808   
152809   
152810   
152811   
152812   
152813   
152814   
152815   
152816   
152817   
152818   
152819   
152820   
152821   
152822   
152823   
152824   
152825   
152826   
152827   
152828   
152829   
152830   
152831   
152832   
152833   
152834   
152835   
152836   
152837   
152838   
152839   
152840   
152841   
152842   
152843   
152844   
152845   
152846   
152847   
152848   
152849   
152850   
152851   
152852   
152853   
152854   
152855   
152856   
152857   
152858   
152859   
152900   
152901   
152902   
152903   
152904   
152905   
152906   
152907   
152908   
152909   
152910   
152911   
152912   
152913   
152914   
152915   
152916   
152917   
152918   
152919   
152920   
152921   
152922   
152923   
152924   
152925   
152926   
152927   
152928   
152929   
152930   
152931   
152932   
152933   
152934   
152935   
152936   
152937   
152938   
152939   
152940   
152941   
152942   
152943   
152944   
152945   
152946   
152947   
152948   
152949   
152950   
152951   
152952   
152953   
152954   
152955   
152956   
152957   
152958   
152959   
153000   
153001   
153002   
153003   
153004   
153005   
153006   
153007   
153008   
153009   
153010   
153011   
153012   
153013   
153014   
153015   
153016   
153017   
153018   
153019   
153020   
153021   
153022   
153023   
153024   
153025   
153026   
153027   
153028   
153029   
153030   
153031   
153032   
153033   
153034   
153035   
153036   
153037   
153038   
153039   
153040   
153041   
153042   
153043   
153044   
153045   
153046   
153047   
153048   
153049   
153050   
153051   
153052   
153053   
153054   
153055   
153056   
153057   
153058   
153059   
153100   
153101   
153102   
153103   
153104   
153105   
153106   
153107   
153108   
153109   
153110   
153111   
153112   
153113   
153114   
153115   
153116   
153117   
153118   
153119   
153120   
153121   
153122   
153123   
153124   
153125   
153126   
153127   
153128   
153129   
153130   
153131   
153132   
153133   
153134   
153135   
153136   
153137   
153138   
153139   
153140   
153141   
153142   
153143   
153144   
153145   
153146   
153147   
153148   
153149   
153150   
153151   
153152   
153153   
153154   
153155   
153156   
153157   
153158   
153159   
153200   
153201   
153202   
153203   
153204   
153205   
153206   
153207   
153208   
153209   
153210   
153211   
153212   
153213   
153214   
153215   
153216   
153217   
153218   
153219   
153220   
153221   
153222   
153223   
153224   
153225   
153226   
153227   
153228   
153229   
153230   
153231   
153232   
153233   
153234   
153235   
153236   
153237   
153238   
153239   
153240   
153241   
153242   
153243   
153244   
153245   
153246   
153247   
153248   
153249   
153250   
153251   
153252   
153253   
153254   
153255   
153256   
153257   
153258   
153259   
153300   
153301   
153302   
153303   
153304   
153305   
153306   
153307   
153308   
153309   
153310   
153311   
153312   
153313   
153314   
153315   
153316   
153317   
153318   
153319   
153320   
153321   
153322   
153323   
153324   
153325   
153326   
153327   
153328   
153329   
153330   
153331   
153332   
153333   
153334   
153335   
153336   
153337   
153338   
153339   
153340   
153341   
153342   
153343   
153344   
153345   
153346   
153347   
153348   
153349   
153350   
153351   
153352   
153353   
153354   
153355   
153356   
153357   
153358   
153359   
153400   
153401   
153402   
153403   
153404   
153405   
153406   
153407   
153408   
153409   
153410   
153411   
153412   
153413   
153414   
153415   
153416   
153417   
153418   
153419   
153420   
153421   
153422   
153423   
153424   
153425   
153426   
153427   
153428   
153429   
153430   
153431   
153432   
153433   
153434   
153435   
153436   
153437   
153438   
153439   
153440   
153441   
153442   
153443   
153444   
153445   
153446   
153447   
153448   
153449   
153450   
153451   
153452   
153453   
153454   
153455   
153456   
153457   
153458   
153459   
153500   
153501   
153502   
153503   
153504   
153505   
153506   
153507   
153508   
153509   
153510   
153511   
153512   
153513   
153514   
153515   
153516   
153517   
153518   
153519   
153520   
153521   
153522   
153523   
153524   
153525   
153526   
153527   
153528   
153529   
153530   
153531   
153532   
153533   
153534   
153535   
153536   
153537   
153538   
153539   
153540   
153541   
153542   
153543   
153544   
153545   
153546   
153547   
153548   
153549   
153550   
153551   
153552   
153553   
153554   
153555   
153556   
153557   
153558   
153559   
153600   
153601   
153602   
153603   
153604   
153605   
153606   
153607   
153608   
153609   
153610   
153611   
153612   
153613   
153614   
153615   
153616   
153617   
153618   
153619   
153620   
153621   
153622   
153623   
153624   
153625   
153626   
153627   
153628   
153629   
153630   
153631   
153632   
153633   
153634   
153635   
153636   
153637   
153638   
153639   
153640   
153641   
153642   
153643   
153644   
153645   
153646   
153647   
153648   
153649   
153650   
153651   
153652   
153653   
153654   
153655   
153656   
153657   
153658   
153659   
153700   
153701   
153702   
153703   
153704   
153705   
153706   
153707   
153708   
153709   
153710   
153711   
153712   
153713   
153714   
153715   
153716   
153717   
153718   
153719   
153720   
153721   
153722   
153723   
153724   
153725   
153726   
153727   
153728   
153729   
153730   
153731   
153732   
153733   
153734   
153735   
153736   
153737   
153738   
153739   
153740   
153741   
153742   
153743   
153744   
153745   
153746   
153747   
153748   
153749   
153750   
153751   
153752   
153753   
153754   
153755   
153756   
153757   
153758   
153759   
153800   
153801   
153802   
153803   
153804   
153805   
153806   
153807   
153808   
153809   
153810   
153811   
153812   
153813   
153814   
153815   
153816   
153817   
153818   
153819   
153820   
153821   
153822   
153823   
153824   
153825   
153826   
153827   
153828   
153829   
153830   
153831   
153832   
153833   
153834   
153835   
153836   
153837   
153838   
153839   
153840   
153841   
153842   
153843   
153844   
153845   
153846   
153847   
153848   
153849   
153850   
153851   
153852   
153853   
153854   
153855   
153856   
153857   
153858   
153859   
153900   
153901   
153902   
153903   
153904   
153905   
153906   
153907   
153908   
153909   
153910   
153911   
153912   
153913   
153914   
153915   
153916   
153917   
153918   
153919   
153920   
153921   
153922   
153923   
153924   
153925   
153926   
153927   
153928   
153929   
153930   
153931   
153932   
153933   
153934   
153935   
153936   
153937   
153938   
153939   
153940   
153941   
153942   
153943   
153944   
153945   
153946   
153947   
153948   
153949   
153950   
153951   
153952   
153953   
153954   
153955   
153956   
153957   
153958   
153959   
154000   
154001   
154002   
154003   
154004   
154005   
154006   
154007   
154008   
154009   
154010   
154011   
154012   
154013   
154014   
154015   
154016   
154017   
154018   
154019   
154020   
154021   
154022   
154023   
154024   
154025   
154026   
154027   
154028   
154029   
154030   
154031   
154032   
154033   
154034   
154035   
154036   
154037   
154038   
154039   
154040   
154041   
154042   
154043   
154044   
154045   
154046   
154047   
154048   
154049   
154050   
154051   
154052   
154053   
154054   
154055   
154056   
154057   
154058   
154059   
154100   
154101   
154102   
154103   
154104   
154105   
154106   
154107   
154108   
154109   
154110   
154111   
154112   
154113   
154114   
154115   
154116   
154117   
154118   
154119   
154120   
154121   
154122   
154123   
154124   
154125   
154126   
154127   
154128   
154129   
154130   
154131   
154132   
154133   
154134   
154135   
154136   
154137   
154138   
154139   
154140   
154141   
154142   
154143   
154144   
154145   
154146   
154147   
154148   
154149   
154150   
154151   
154152   
154153   
154154   
154155   
154156   
154157   
154158   
154159   
154200   
154201   
154202   
154203   
154204   
154205   
154206   
154207   
154208   
154209   
154210   
154211   
154212   
154213   
154214   
154215   
154216   
154217   
154218   
154219   
154220   
154221   
154222   
154223   
154224   
154225   
154226   
154227   
154228   
154229   
154230   
154231   
154232   
154233   
154234   
154235   
154236   
154237   
154238   
154239   
154240   
154241   
154242   
154243   
154244   
154245   
154246   
154247   
154248   
154249   
154250   
154251   
154252   
154253   
154254   
154255   
154256   
154257   
154258   
154259   
154300   
154301   
154302   
154303   
154304   
154305   
154306   
154307   
154308   
154309   
154310   
154311   
154312   
154313   
154314   
154315   
154316   
154317   
154318   
154319   
154320   
154321   
154322   
154323   
154324   
154325   
154326   
154327   
154328   
154329   
154330   
154331   
154332   
154333   
154334   
154335   
154336   
154337   
154338   
154339   
154340   
154341   
154342   
154343   
154344   
154345   
154346   
154347   
154348   
154349   
154350   
154351   
154352   
154353   
154354   
154355   
154356   
154357   
154358   
154359   
154400   
154401   
154402   
154403   
154404   
154405   
154406   
154407   
154408   
154409   
154410   
154411   
154412   
154413   
154414   
154415   
154416   
154417   
154418   
154419   
154420   
154421   
154422   
154423   
154424   
154425   
154426   
154427   
154428   
154429   
154430   
154431   
154432   
154433   
154434   
154435   
154436   
154437   
154438   
154439   
154440   
154441   
154442   
154443   
154444   
154445   
154446   
154447   
154448   
154449   
154450   
154451   
154452   
154453   
154454   
154455   
154456   
154457   
154458   
154459   
154500   
154501   
154502   
154503   
154504   
154505   
154506   
154507   
154508   
154509   
154510   
154511   
154512   
154513   
154514   
154515   
154516   
154517   
154518   
154519   
154520   
154521   
154522   
154523   
154524   
154525   
154526   
154527   
154528   
154529   
154530   
154531   
154532   
154533   
154534   
154535   
154536   
154537   
154538   
154539   
154540   
154541   
154542   
154543   
154544   
154545   
154546   
154547   
154548   
154549   
154550   
154551   
154552   
154553   
154554   
154555   
154556   
154557   
154558   
154559   
154600   
154601   
154602   
154603   
154604   
154605   
154606   
154607   
154608   
154609   
154610   
154611   
154612   
154613   
154614   
154615   
154616   
154617   
154618   
154619   
154620   
154621   
154622   
154623   
154624   
154625   
154626   
154627   
154628   
154629   
154630   
154631   
154632   
154633   
154634   
154635   
154636   
154637   
154638   
154639   
154640   
154641   
154642   
154643   
154644   
154645   
154646   
154647   
154648   
154649   
154650   
154651   
154652   
154653   
154654   
154655   
154656   
154657   
154658   
154659   
154700   
154701   
154702   
154703   
154704   
154705   
154706   
154707   
154708   
154709   
154710   
154711   
154712   
154713   
154714   
154715   
154716   
154717   
154718   
154719   
154720   
154721   
154722   
154723   
154724   
154725   
154726   
154727   
154728   
154729   
154730   
154731   
154732   
154733   
154734   
154735   
154736   
154737   
154738   
154739   
154740   
154741   
154742   
154743   
154744   
154745   
154746   
154747   
154748   
154749   
154750   
154751   
154752   
154753   
154754   
154755   
154756   
154757   
154758   
154759   
154800   
154801   
154802   
154803   
154804   
154805   
154806   
154807   
154808   
154809   
154810   
154811   
154812   
154813   
154814   
154815   
154816   
154817   
154818   
154819   
154820   
154821   
154822   
154823   
154824   
154825   
154826   
154827   
154828   
154829   
154830   
154831   
154832   
154833   
154834   
154835   
154836   
154837   
154838   
154839   
154840   
154841   
154842   
154843   
154844   
154845   
154846   
154847   
154848   
154849   
154850   
154851   
154852   
154853   
154854   
154855   
154856   
154857   
154858   
154859   
154900   
154901   
154902   
154903   
154904   
154905   
154906   
154907   
154908   
154909   
154910   
154911   
154912   
154913   
154914   
154915   
154916   
154917   
154918   
154919   
154920   
154921   
154922   
154923   
154924   
154925   
154926   
154927   
154928   
154929   
154930   
154931   
154932   
154933   
154934   
154935   
154936   
154937   
154938   
154939   
154940   
154941   
154942   
154943   
154944   
154945   
154946   
154947   
154948   
154949   
154950   
154951   
154952   
154953   
154954   
154955   
154956   
154957   
154958   
154959   
155000   
155001   
155002   
155003   
155004   
155005   
155006   
155007   
155008   
155009   
155010   
155011   
155012   
155013   
155014   
155015   
155016   
155017   
155018   
155019   
155020   
155021   
155022   
155023   
155024   
155025   
155026   
155027   
155028   
155029   
155030   
155031   
155032   
155033   
155034   
155035   
155036   
155037   
155038   
155039   
155040   
155041   
155042   
155043   
155044   
155045   
155046   
155047   
155048   
155049   
155050   
155051   
155052   
155053   
155054   
155055   
155056   
155057   
155058   
155059   
155100   
155101   
155102   
155103   
155104   
155105   
155106   
155107   
155108   
155109   
155110   
155111   
155112   
155113   
155114   
155115   
155116   
155117   
155118   
155119   
155120   
155121   
155122   
155123   
155124   
155125   
155126   
155127   
155128   
155129   
155130   
155131   
155132   
155133   
155134   
155135   
155136   
155137   
155138   
155139   
155140   
155141   
155142   
155143   
155144   
155145   
155146   
155147   
155148   
155149   
155150   
155151   
155152   
155153   
155154   
155155   
155156   
155157   
155158   
155159   
155200   
155201   
155202   
155203   
155204   
155205   
155206   
155207   
155208   
155209   
155210   
155211   
155212   
155213   
155214   
155215   
155216   
155217   
155218   
155219   
155220   
155221   
155222   
155223   
155224   
155225   
155226   
155227   
155228   
155229   
155230   
155231   
155232   
155233   
155234   
155235   
155236   
155237   
155238   
155239   
155240   
155241   
155242   
155243   
155244   
155245   
155246   
155247   
155248   
155249   
155250   
155251   
155252   
155253   
155254   
155255   
155256   
155257   
155258   
155259   
155300   
155301   
155302   
155303   
155304   
155305   
155306   
155307   
155308   
155309   
155310   
155311   
155312   
155313   
155314   
155315   
155316   
155317   
155318   
155319   
155320   
155321   
155322   
155323   
155324   
155325   
155326   
155327   
155328   
155329   
155330   
155331   
155332   
155333   
155334   
155335   
155336   
155337   
155338   
155339   
155340   
155341   
155342   
155343   
155344   
155345   
155346   
155347   
155348   
155349   
155350   
155351   
155352   
155353   
155354   
155355   
155356   
155357   
155358   
155359   
155400   
155401   
155402   
155403   
155404   
155405   
155406   
155407   
155408   
155409   
155410   
155411   
155412   
155413   
155414   
155415   
155416   
155417   
155418   
155419   
155420   
155421   
155422   
155423   
155424   
155425   
155426   
155427   
155428   
155429   
155430   
155431   
155432   
155433   
155434   
155435   
155436   
155437   
155438   
155439   
155440   
155441   
155442   
155443   
155444   
155445   
155446   
155447   
155448   
155449   
155450   
155451   
155452   
155453   
155454   
155455   
155456   
155457   
155458   
155459   
155500   
155501   
155502   
155503   
155504   
155505   
155506   
155507   
155508   
155509   
155510   
155511   
155512   
155513   
155514   
155515   
155516   
155517   
155518   
155519   
155520   
155521   
155522   
155523   
155524   
155525   
155526   
155527   
155528   
155529   
155530   
155531   
155532   
155533   
155534   
155535   
155536   
155537   
155538   
155539   
155540   
155541   
155542   
155543   
155544   
155545   
155546   
155547   
155548   
155549   
155550   
155551   
155552   
155553   
155554   
155555   
155556   
155557   
155558   
155559   
155600   
155601   
155602   
155603   
155604   
155605   
155606   
155607   
155608   
155609   
155610   
155611   
155612   
155613   
155614   
155615   
155616   
155617   
155618   
155619   
155620   
155621   
155622   
155623   
155624   
155625   
155626   
155627   
155628   
155629   
155630   
155631   
155632   
155633   
155634   
155635   
155636   
155637   
155638   
155639   
155640   
155641   
155642   
155643   
155644   
155645   
155646   
155647   
155648   
155649   
155650   
155651   
155652   
155653   
155654   
155655   
155656   
155657   
155658   
155659   
155700   
155701   
155702   
155703   
155704   
155705   
155706   
155707   
155708   
155709   
155710   
155711   
155712   
155713   
155714   
155715   
155716   
155717   
155718   
155719   
155720   
155721   
155722   
155723   
155724   
155725   
155726   
155727   
155728   
155729   
155730   
155731   
155732   
155733   
155734   
155735   
155736   
155737   
155738   
155739   
155740   
155741   
155742   
155743   
155744   
155745   
155746   
155747   
155748   
155749   
155750   
155751   
155752   
155753   
155754   
155755   
155756   
155757   
155758   
155759   
155800   
155801   
155802   
155803   
155804   
155805   
155806   
155807   
155808   
155809   
155810   
155811   
155812   
155813   
155814   
155815   
155816   
155817   
155818   
155819   
155820   
155821   
155822   
155823   
155824   
155825   
155826   
155827   
155828   
155829   
155830   
155831   
155832   
155833   
155834   
155835   
155836   
155837   
155838   
155839   
155840   
155841   
155842   
155843   
155844   
155845   
155846   
155847   
155848   
155849   
155850   
155851   
155852   
155853   
155854   
155855   
155856   
155857   
155858   
155859   
155900   
155901   
155902   
155903   
155904   
155905   
155906   
155907   
155908   
155909   
155910   
155911   
155912   
155913   
155914   
155915   
155916   
155917   
155918   
155919   
155920   
155921   
155922   
155923   
155924   
155925   
155926   
155927   
155928   
155929   
155930   
155931   
155932   
155933   
155934   
155935   
155936   
155937   
155938   
155939   
155940   
155941   
155942   
155943   
155944   
155945   
155946   
155947   
155948   
155949   
155950   
155951   
155952   
155953   
155954   
155955   
155956   
155957   
155958   
155959   
