160000   
160001   
160002   
160003   
160004   
160005   
160006   
160007   
160008   
160009   
160010   
160011   
160012   
160013   
160014   
160015   
160016   
160017   
160018   
160019   
160020   
160021   
160022   
160023   
160024   
160025   
160026   
160027   
160028   
160029   
160030   
160031   
160032   
160033   
160034   
160035   
160036   
160037   
160038   
160039   
160040   
160041   
160042   
160043   
160044   
160045   
160046   
160047   
160048   
160049   
160050   
160051   
160052   
160053   
160054   
160055   
160056   
160057   
160058   
160059   
160100   
160101   
160102   
160103   
160104   
160105   
160106   
160107   
160108   
160109   
160110   
160111   
160112   
160113   
160114   
160115   
160116   
160117   
160118   
160119   
160120   
160121   
160122   
160123   
160124   
160125   
160126   
160127   
160128   
160129   
160130   
160131   
160132   
160133   
160134   
160135   
160136   
160137   
160138   
160139   
160140   
160141   
160142   
160143   
160144   
160145   
160146   
160147   
160148   
160149   
160150   
160151   
160152   
160153   
160154   
160155   
160156   
160157   
160158   
160159   
160200   
160201   
160202   
160203   
160204   
160205   
160206   
160207   
160208   
160209   
160210   
160211   
160212   
160213   
160214   
160215   
160216   
160217   
160218   
160219   
160220   
160221   
160222   
160223   
160224   
160225   
160226   
160227   
160228   
160229   
160230   
160231   
160232   
160233   
160234   
160235   
160236   
160237   
160238   
160239   
160240   
160241   
160242   
160243   
160244   
160245   
160246   
160247   
160248   
160249   
160250   
160251   
160252   
160253   
160254   
160255   
160256   
160257   
160258   
160259   
160300   
160301   
160302   
160303   
160304   
160305   
160306   
160307   
160308   
160309   
160310   
160311   
160312   
160313   
160314   
160315   
160316   
160317   
160318   
160319   
160320   
160321   
160322   
160323   
160324   
160325   
160326   
160327   
160328   
160329   
160330   
160331   
160332   
160333   
160334   
160335   
160336   
160337   
160338   
160339   
160340   
160341   
160342   
160343   
160344   
160345   
160346   
160347   
160348   
160349   
160350   
160351   
160352   
160353   
160354   
160355   
160356   
160357   
160358   
160359   
160400   
160401   
160402   
160403   
160404   
160405   
160406   
160407   
160408   
160409   
160410   
160411   
160412   
160413   
160414   
160415   
160416   
160417   
160418   
160419   
160420   
160421   
160422   
160423   
160424   
160425   
160426   
160427   
160428   
160429   
160430   
160431   
160432   
160433   
160434   
160435   
160436   
160437   
160438   
160439   
160440   
160441   
160442   
160443   
160444   
160445   
160446   
160447   
160448   
160449   
160450   
160451   
160452   
160453   
160454   
160455   
160456   
160457   
160458   
160459   
160500   
160501   
160502   
160503   
160504   
160505   
160506   
160507   
160508   
160509   
160510   
160511   
160512   
160513   
160514   
160515   
160516   
160517   
160518   
160519   
160520   
160521   
160522   
160523   
160524   
160525   
160526   
160527   
160528   
160529   
160530   
160531   
160532   
160533   
160534   
160535   
160536   
160537   
160538   
160539   
160540   
160541   
160542   
160543   
160544   
160545   
160546   
160547   
160548   
160549   
160550   
160551   
160552   
160553   
160554   
160555   
160556   
160557   
160558   
160559   
160600   
160601   
160602   
160603   
160604   
160605   
160606   
160607   
160608   
160609   
160610   
160611   
160612   
160613   
160614   
160615   
160616   
160617   
160618   
160619   
160620   
160621   
160622   
160623   
160624   
160625   
160626   
160627   
160628   
160629   
160630   
160631   
160632   
160633   
160634   
160635   
160636   
160637   
160638   
160639   
160640   
160641   
160642   
160643   
160644   
160645   
160646   
160647   
160648   
160649   
160650   
160651   
160652   
160653   
160654   
160655   
160656   
160657   
160658   
160659   
160700   
160701   
160702   
160703   
160704   
160705   
160706   
160707   
160708   
160709   
160710   
160711   
160712   
160713   
160714   
160715   
160716   
160717   
160718   
160719   
160720   
160721   
160722   
160723   
160724   
160725   
160726   
160727   
160728   
160729   
160730   
160731   
160732   
160733   
160734   
160735   
160736   
160737   
160738   
160739   
160740   
160741   
160742   
160743   
160744   
160745   
160746   
160747   
160748   
160749   
160750   
160751   
160752   
160753   
160754   
160755   
160756   
160757   
160758   
160759   
160800   
160801   
160802   
160803   
160804   
160805   
160806   
160807   
160808   
160809   
160810   
160811   
160812   
160813   
160814   
160815   
160816   
160817   
160818   
160819   
160820   
160821   
160822   
160823   
160824   
160825   
160826   
160827   
160828   
160829   
160830   
160831   
160832   
160833   
160834   
160835   
160836   
160837   
160838   
160839   
160840   
160841   
160842   
160843   
160844   
160845   
160846   
160847   
160848   
160849   
160850   
160851   
160852   
160853   
160854   
160855   
160856   
160857   
160858   
160859   
160900   
160901   
160902   
160903   
160904   
160905   
160906   
160907   
160908   
160909   
160910   
160911   
160912   
160913   
160914   
160915   
160916   
160917   
160918   
160919   
160920   
160921   
160922   
160923   
160924   
160925   
160926   
160927   
160928   
160929   
160930   
160931   
160932   
160933   
160934   
160935   
160936   
160937   
160938   
160939   
160940   
160941   
160942   
160943   
160944   
160945   
160946   
160947   
160948   
160949   
160950   
160951   
160952   
160953   
160954   
160955   
160956   
160957   
160958   
160959   
161000   
161001   
161002   
161003   
161004   
161005   
161006   
161007   
161008   
161009   
161010   
161011   
161012   
161013   
161014   
161015   
161016   
161017   
161018   
161019   
161020   
161021   
161022   
161023   
161024   
161025   
161026   
161027   
161028   
161029   
161030   
161031   
161032   
161033   
161034   
161035   
161036   
161037   
161038   
161039   
161040   
161041   
161042   
161043   
161044   
161045   
161046   
161047   
161048   
161049   
161050   
161051   
161052   
161053   
161054   
161055   
161056   
161057   
161058   
161059   
161100   
161101   
161102   
161103   
161104   
161105   
161106   
161107   
161108   
161109   
161110   
161111   
161112   
161113   
161114   
161115   
161116   
161117   
161118   
161119   
161120   
161121   
161122   
161123   
161124   
161125   
161126   
161127   
161128   
161129   
161130   
161131   
161132   
161133   
161134   
161135   
161136   
161137   
161138   
161139   
161140   
161141   
161142   
161143   
161144   
161145   
161146   
161147   
161148   
161149   
161150   
161151   
161152   
161153   
161154   
161155   
161156   
161157   
161158   
161159   
161200   
161201   
161202   
161203   
161204   
161205   
161206   
161207   
161208   
161209   
161210   
161211   
161212   
161213   
161214   
161215   
161216   
161217   
161218   
161219   
161220   
161221   
161222   
161223   
161224   
161225   
161226   
161227   
161228   
161229   
161230   
161231   
161232   
161233   
161234   
161235   
161236   
161237   
161238   
161239   
161240   
161241   
161242   
161243   
161244   
161245   
161246   
161247   
161248   
161249   
161250   
161251   
161252   
161253   
161254   
161255   
161256   
161257   
161258   
161259   
161300   
161301   
161302   
161303   
161304   
161305   
161306   
161307   
161308   
161309   
161310   
161311   
161312   
161313   
161314   
161315   
161316   
161317   
161318   
161319   
161320   
161321   
161322   
161323   
161324   
161325   
161326   
161327   
161328   
161329   
161330   
161331   
161332   
161333   
161334   
161335   
161336   
161337   
161338   
161339   
161340   
161341   
161342   
161343   
161344   
161345   
161346   
161347   
161348   
161349   
161350   
161351   
161352   
161353   
161354   
161355   
161356   
161357   
161358   
161359   
161400   
161401   
161402   
161403   
161404   
161405   
161406   
161407   
161408   
161409   
161410   
161411   
161412   
161413   
161414   
161415   
161416   
161417   
161418   
161419   
161420   
161421   
161422   
161423   
161424   
161425   
161426   
161427   
161428   
161429   
161430   
161431   
161432   
161433   
161434   
161435   
161436   
161437   
161438   
161439   
161440   
161441   
161442   
161443   
161444   
161445   
161446   
161447   
161448   
161449   
161450   
161451   
161452   
161453   
161454   
161455   
161456   
161457   
161458   
161459   
161500   
161501   
161502   
161503   
161504   
161505   
161506   
161507   
161508   
161509   
161510   
161511   
161512   
161513   
161514   
161515   
161516   
161517   
161518   
161519   
161520   
161521   
161522   
161523   
161524   
161525   
161526   
161527   
161528   
161529   
161530   
161531   
161532   
161533   
161534   
161535   
161536   
161537   
161538   
161539   
161540   
161541   
161542   
161543   
161544   
161545   
161546   
161547   
161548   
161549   
161550   
161551   
161552   
161553   
161554   
161555   
161556   
161557   
161558   
161559   
161600   
161601   
161602   
161603   
161604   
161605   
161606   
161607   
161608   
161609   
161610   
161611   
161612   
161613   
161614   
161615   
161616   
161617   
161618   
161619   
161620   
161621   
161622   
161623   
161624   
161625   
161626   
161627   
161628   
161629   
161630   
161631   
161632   
161633   
161634   
161635   
161636   
161637   
161638   
161639   
161640   
161641   
161642   
161643   
161644   
161645   
161646   
161647   
161648   
161649   
161650   
161651   
161652   
161653   
161654   
161655   
161656   
161657   
161658   
161659   
161700   
161701   
161702   
161703   
161704   
161705   
161706   
161707   
161708   
161709   
161710   
161711   
161712   
161713   
161714   
161715   
161716   
161717   
161718   
161719   
161720   
161721   
161722   
161723   
161724   
161725   
161726   
161727   
161728   
161729   
161730   
161731   
161732   
161733   
161734   
161735   
161736   
161737   
161738   
161739   
161740   
161741   
161742   
161743   
161744   
161745   
161746   
161747   
161748   
161749   
161750   
161751   
161752   
161753   
161754   
161755   
161756   
161757   
161758   
161759   
161800   
161801   
161802   
161803   
161804   
161805   
161806   
161807   
161808   
161809   
161810   
161811   
161812   
161813   
161814   
161815   
161816   
161817   
161818   
161819   
161820   
161821   
161822   
161823   
161824   
161825   
161826   
161827   
161828   
161829   
161830   
161831   
161832   
161833   
161834   
161835   
161836   
161837   
161838   
161839   
161840   
161841   
161842   
161843   
161844   
161845   
161846   
161847   
161848   
161849   
161850   
161851   
161852   
161853   
161854   
161855   
161856   
161857   
161858   
161859   
161900   
161901   
161902   
161903   
161904   
161905   
161906   
161907   
161908   
161909   
161910   
161911   
161912   
161913   
161914   
161915   
161916   
161917   
161918   
161919   
161920   
161921   
161922   
161923   
161924   
161925   
161926   
161927   
161928   
161929   
161930   
161931   
161932   
161933   
161934   
161935   
161936   
161937   
161938   
161939   
161940   
161941   
161942   
161943   
161944   
161945   
161946   
161947   
161948   
161949   
161950   
161951   
161952   
161953   
161954   
161955   
161956   
161957   
161958   
161959   
162000   
162001   
162002   
162003   
162004   
162005   
162006   
162007   
162008   
162009   
162010   
162011   
162012   
162013   
162014   
162015   
162016   
162017   
162018   
162019   
162020   
162021   
162022   
162023   
162024   
162025   
162026   
162027   
162028   
162029   
162030   
162031   
162032   
162033   
162034   
162035   
162036   
162037   
162038   
162039   
162040   
162041   
162042   
162043   
162044   
162045   
162046   
162047   
162048   
162049   
162050   
162051   
162052   
162053   
162054   
162055   
162056   
162057   
162058   
162059   
162100   
162101   
162102   
162103   
162104   
162105   
162106   
162107   
162108   
162109   
162110   
162111   
162112   
162113   
162114   
162115   
162116   
162117   
162118   
162119   
162120   
162121   
162122   
162123   
162124   
162125   
162126   
162127   
162128   
162129   
162130   
162131   
162132   
162133   
162134   
162135   
162136   
162137   
162138   
162139   
162140   
162141   
162142   
162143   
162144   
162145   
162146   
162147   
162148   
162149   
162150   
162151   
162152   
162153   
162154   
162155   
162156   
162157   
162158   
162159   
162200   
162201   
162202   
162203   
162204   
162205   
162206   
162207   
162208   
162209   
162210   
162211   
162212   
162213   
162214   
162215   
162216   
162217   
162218   
162219   
162220   
162221   
162222   
162223   
162224   
162225   
162226   
162227   
162228   
162229   
162230   
162231   
162232   
162233   
162234   
162235   
162236   
162237   
162238   
162239   
162240   
162241   
162242   
162243   
162244   
162245   
162246   
162247   
162248   
162249   
162250   
162251   
162252   
162253   
162254   
162255   
162256   
162257   
162258   
162259   
162300   
162301   
162302   
162303   
162304   
162305   
162306   
162307   
162308   
162309   
162310   
162311   
162312   
162313   
162314   
162315   
162316   
162317   
162318   
162319   
162320   
162321   
162322   
162323   
162324   
162325   
162326   
162327   
162328   
162329   
162330   
162331   
162332   
162333   
162334   
162335   
162336   
162337   
162338   
162339   
162340   
162341   
162342   
162343   
162344   
162345   
162346   
162347   
162348   
162349   
162350   
162351   
162352   
162353   
162354   
162355   
162356   
162357   
162358   
162359   
162400   
162401   
162402   
162403   
162404   
162405   
162406   
162407   
162408   
162409   
162410   
162411   
162412   
162413   
162414   
162415   
162416   
162417   
162418   
162419   
162420   
162421   
162422   
162423   
162424   
162425   
162426   
162427   
162428   
162429   
162430   
162431   
162432   
162433   
162434   
162435   
162436   
162437   
162438   
162439   
162440   
162441   
162442   
162443   
162444   
162445   
162446   
162447   
162448   
162449   
162450   
162451   
162452   
162453   
162454   
162455   
162456   
162457   
162458   
162459   
162500   
162501   
162502   
162503   
162504   
162505   
162506   
162507   
162508   
162509   
162510   
162511   
162512   
162513   
162514   
162515   
162516   
162517   
162518   
162519   
162520   
162521   
162522   
162523   
162524   
162525   
162526   
162527   
162528   
162529   
162530   
162531   
162532   
162533   
162534   
162535   
162536   
162537   
162538   
162539   
162540   
162541   
162542   
162543   
162544   
162545   
162546   
162547   
162548   
162549   
162550   
162551   
162552   
162553   
162554   
162555   
162556   
162557   
162558   
162559   
162600   
162601   
162602   
162603   
162604   
162605   
162606   
162607   
162608   
162609   
162610   
162611   
162612   
162613   
162614   
162615   
162616   
162617   
162618   
162619   
162620   
162621   
162622   
162623   
162624   
162625   
162626   
162627   
162628   
162629   
162630   
162631   
162632   
162633   
162634   
162635   
162636   
162637   
162638   
162639   
162640   
162641   
162642   
162643   
162644   
162645   
162646   
162647   
162648   
162649   
162650   
162651   
162652   
162653   
162654   
162655   
162656   
162657   
162658   
162659   
162700   
162701   
162702   
162703   
162704   
162705   
162706   
162707   
162708   
162709   
162710   
162711   
162712   
162713   
162714   
162715   
162716   
162717   
162718   
162719   
162720   
162721   
162722   
162723   
162724   
162725   
162726   
162727   
162728   
162729   
162730   
162731   
162732   
162733   
162734   
162735   
162736   
162737   
162738   
162739   
162740   
162741   
162742   
162743   
162744   
162745   
162746   
162747   
162748   
162749   
162750   
162751   
162752   
162753   
162754   
162755   
162756   
162757   
162758   
162759   
162800   
162801   
162802   
162803   
162804   
162805   
162806   
162807   
162808   
162809   
162810   
162811   
162812   
162813   
162814   
162815   
162816   
162817   
162818   
162819   
162820   
162821   
162822   
162823   
162824   
162825   
162826   
162827   
162828   
162829   
162830   
162831   
162832   
162833   
162834   
162835   
162836   
162837   
162838   
162839   
162840   
162841   
162842   
162843   
162844   
162845   
162846   
162847   
162848   
162849   
162850   
162851   
162852   
162853   
162854   
162855   
162856   
162857   
162858   
162859   
162900   
162901   
162902   
162903   
162904   
162905   
162906   
162907   
162908   
162909   
162910   
162911   
162912   
162913   
162914   
162915   
162916   
162917   
162918   
162919   
162920   
162921   
162922   
162923   
162924   
162925   
162926   
162927   
162928   
162929   
162930   
162931   
162932   
162933   
162934   
162935   
162936   
162937   
162938   
162939   
162940   
162941   
162942   
162943   
162944   
162945   
162946   
162947   
162948   
162949   
162950   
162951   
162952   
162953   
162954   
162955   
162956   
162957   
162958   
162959   
163000   
163001   
163002   
163003   
163004   
163005   
163006   
163007   
163008   
163009   
163010   
163011   
163012   
163013   
163014   
163015   
163016   
163017   
163018   
163019   
163020   
163021   
163022   
163023   
163024   
163025   
163026   
163027   
163028   
163029   
163030   
163031   
163032   
163033   
163034   
163035   
163036   
163037   
163038   
163039   
163040   
163041   
163042   
163043   
163044   
163045   
163046   
163047   
163048   
163049   
163050   
163051   
163052   
163053   
163054   
163055   
163056   
163057   
163058   
163059   
163100   
163101   
163102   
163103   
163104   
163105   
163106   
163107   
163108   
163109   
163110   
163111   
163112   
163113   
163114   
163115   
163116   
163117   
163118   
163119   
163120   
163121   
163122   
163123   
163124   
163125   
163126   
163127   
163128   
163129   
163130   
163131   
163132   
163133   
163134   
163135   
163136   
163137   
163138   
163139   
163140   
163141   
163142   
163143   
163144   
163145   
163146   
163147   
163148   
163149   
163150   
163151   
163152   
163153   
163154   
163155   
163156   
163157   
163158   
163159   
163200   
163201   
163202   
163203   
163204   
163205   
163206   
163207   
163208   
163209   
163210   
163211   
163212   
163213   
163214   
163215   
163216   
163217   
163218   
163219   
163220   
163221   
163222   
163223   
163224   
163225   
163226   
163227   
163228   
163229   
163230   
163231   
163232   
163233   
163234   
163235   
163236   
163237   
163238   
163239   
163240   
163241   
163242   
163243   
163244   
163245   
163246   
163247   
163248   
163249   
163250   
163251   
163252   
163253   
163254   
163255   
163256   
163257   
163258   
163259   
163300   
163301   
163302   
163303   
163304   
163305   
163306   
163307   
163308   
163309   
163310   
163311   
163312   
163313   
163314   
163315   
163316   
163317   
163318   
163319   
163320   
163321   
163322   
163323   
163324   
163325   
163326   
163327   
163328   
163329   
163330   
163331   
163332   
163333   
163334   
163335   
163336   
163337   
163338   
163339   
163340   
163341   
163342   
163343   
163344   
163345   
163346   
163347   
163348   
163349   
163350   
163351   
163352   
163353   
163354   
163355   
163356   
163357   
163358   
163359   
163400   
163401   
163402   
163403   
163404   
163405   
163406   
163407   
163408   
163409   
163410   
163411   
163412   
163413   
163414   
163415   
163416   
163417   
163418   
163419   
163420   
163421   
163422   
163423   
163424   
163425   
163426   
163427   
163428   
163429   
163430   
163431   
163432   
163433   
163434   
163435   
163436   
163437   
163438   
163439   
163440   
163441   
163442   
163443   
163444   
163445   
163446   
163447   
163448   
163449   
163450   
163451   
163452   
163453   
163454   
163455   
163456   
163457   
163458   
163459   
163500   
163501   
163502   
163503   
163504   
163505   
163506   
163507   
163508   
163509   
163510   
163511   
163512   
163513   
163514   
163515   
163516   
163517   
163518   
163519   
163520   
163521   
163522   
163523   
163524   
163525   
163526   
163527   
163528   
163529   
163530   
163531   
163532   
163533   
163534   
163535   
163536   
163537   
163538   
163539   
163540   
163541   
163542   
163543   
163544   
163545   
163546   
163547   
163548   
163549   
163550   
163551   
163552   
163553   
163554   
163555   
163556   
163557   
163558   
163559   
163600   
163601   
163602   
163603   
163604   
163605   
163606   
163607   
163608   
163609   
163610   
163611   
163612   
163613   
163614   
163615   
163616   
163617   
163618   
163619   
163620   
163621   
163622   
163623   
163624   
163625   
163626   
163627   
163628   
163629   
163630   
163631   
163632   
163633   
163634   
163635   
163636   
163637   
163638   
163639   
163640   
163641   
163642   
163643   
163644   
163645   
163646   
163647   
163648   
163649   
163650   
163651   
163652   
163653   
163654   
163655   
163656   
163657   
163658   
163659   
163700   
163701   
163702   
163703   
163704   
163705   
163706   
163707   
163708   
163709   
163710   
163711   
163712   
163713   
163714   
163715   
163716   
163717   
163718   
163719   
163720   
163721   
163722   
163723   
163724   
163725   
163726   
163727   
163728   
163729   
163730   
163731   
163732   
163733   
163734   
163735   
163736   
163737   
163738   
163739   
163740   
163741   
163742   
163743   
163744   
163745   
163746   
163747   
163748   
163749   
163750   
163751   
163752   
163753   
163754   
163755   
163756   
163757   
163758   
163759   
163800   
163801   
163802   
163803   
163804   
163805   
163806   
163807   
163808   
163809   
163810   
163811   
163812   
163813   
163814   
163815   
163816   
163817   
163818   
163819   
163820   
163821   
163822   
163823   
163824   
163825   
163826   
163827   
163828   
163829   
163830   
163831   
163832   
163833   
163834   
163835   
163836   
163837   
163838   
163839   
163840   
163841   
163842   
163843   
163844   
163845   
163846   
163847   
163848   
163849   
163850   
163851   
163852   
163853   
163854   
163855   
163856   
163857   
163858   
163859   
163900   
163901   
163902   
163903   
163904   
163905   
163906   
163907   
163908   
163909   
163910   
163911   
163912   
163913   
163914   
163915   
163916   
163917   
163918   
163919   
163920   
163921   
163922   
163923   
163924   
163925   
163926   
163927   
163928   
163929   
163930   
163931   
163932   
163933   
163934   
163935   
163936   
163937   
163938   
163939   
163940   
163941   
163942   
163943   
163944   
163945   
163946   
163947   
163948   
163949   
163950   
163951   
163952   
163953   
163954   
163955   
163956   
163957   
163958   
163959   
164000   
164001   
164002   
164003   
164004   
164005   
164006   
164007   
164008   
164009   
164010   
164011   
164012   
164013   
164014   
164015   
164016   
164017   
164018   
164019   
164020   
164021   
164022   
164023   
164024   
164025   
164026   
164027   
164028   
164029   
164030   
164031   
164032   
164033   
164034   
164035   
164036   
164037   
164038   
164039   
164040   
164041   
164042   
164043   
164044   
164045   
164046   
164047   
164048   
164049   
164050   
164051   
164052   
164053   
164054   
164055   
164056   
164057   
164058   
164059   
164100   
164101   
164102   
164103   
164104   
164105   
164106   
164107   
164108   
164109   
164110   
164111   
164112   
164113   
164114   
164115   
164116   
164117   
164118   
164119   
164120   
164121   
164122   
164123   
164124   
164125   
164126   
164127   
164128   
164129   
164130   
164131   
164132   
164133   
164134   
164135   
164136   
164137   
164138   
164139   
164140   
164141   
164142   
164143   
164144   
164145   
164146   
164147   
164148   
164149   
164150   
164151   
164152   
164153   
164154   
164155   
164156   
164157   
164158   
164159   
164200   
164201   
164202   
164203   
164204   
164205   
164206   
164207   
164208   
164209   
164210   
164211   
164212   
164213   
164214   
164215   
164216   
164217   
164218   
164219   
164220   
164221   
164222   
164223   
164224   
164225   
164226   
164227   
164228   
164229   
164230   
164231   
164232   
164233   
164234   
164235   
164236   
164237   
164238   
164239   
164240   
164241   
164242   
164243   
164244   
164245   
164246   
164247   
164248   
164249   
164250   
164251   
164252   
164253   
164254   
164255   
164256   
164257   
164258   
164259   
164300   
164301   
164302   
164303   
164304   
164305   
164306   
164307   
164308   
164309   
164310   
164311   
164312   
164313   
164314   
164315   
164316   
164317   
164318   
164319   
164320   
164321   
164322   
164323   
164324   
164325   
164326   
164327   
164328   
164329   
164330   
164331   
164332   
164333   
164334   
164335   
164336   
164337   
164338   
164339   
164340   
164341   
164342   
164343   
164344   
164345   
164346   
164347   
164348   
164349   
164350   
164351   
164352   
164353   
164354   
164355   
164356   
164357   
164358   
164359   
164400   
164401   
164402   
164403   
164404   
164405   
164406   
164407   
164408   
164409   
164410   
164411   
164412   
164413   
164414   
164415   
164416   
164417   
164418   
164419   
164420   
164421   
164422   
164423   
164424   
164425   
164426   
164427   
164428   
164429   
164430   
164431   
164432   
164433   
164434   
164435   
164436   
164437   
164438   
164439   
164440   
164441   
164442   
164443   
164444   
164445   
164446   
164447   
164448   
164449   
164450   
164451   
164452   
164453   
164454   
164455   
164456   
164457   
164458   
164459   
164500   
164501   
164502   
164503   
164504   
164505   
164506   
164507   
164508   
164509   
164510   
164511   
164512   
164513   
164514   
164515   
164516   
164517   
164518   
164519   
164520   
164521   
164522   
164523   
164524   
164525   
164526   
164527   
164528   
164529   
164530   
164531   
164532   
164533   
164534   
164535   
164536   
164537   
164538   
164539   
164540   
164541   
164542   
164543   
164544   
164545   
164546   
164547   
164548   
164549   
164550   
164551   
164552   
164553   
164554   
164555   
164556   
164557   
164558   
164559   
164600   
164601   
164602   
164603   
164604   
164605   
164606   
164607   
164608   
164609   
164610   
164611   
164612   
164613   
164614   
164615   
164616   
164617   
164618   
164619   
164620   
164621   
164622   
164623   
164624   
164625   
164626   
164627   
164628   
164629   
164630   
164631   
164632   
164633   
164634   
164635   
164636   
164637   
164638   
164639   
164640   
164641   
164642   
164643   
164644   
164645   
164646   
164647   
164648   
164649   
164650   
164651   
164652   
164653   
164654   
164655   
164656   
164657   
164658   
164659   
164700   
164701   
164702   
164703   
164704   
164705   
164706   
164707   
164708   
164709   
164710   
164711   
164712   
164713   
164714   
164715   
164716   
164717   
164718   
164719   
164720   
164721   
164722   
164723   
164724   
164725   
164726   
164727   
164728   
164729   
164730   
164731   
164732   
164733   
164734   
164735   
164736   
164737   
164738   
164739   
164740   
164741   
164742   
164743   
164744   
164745   
164746   
164747   
164748   
164749   
164750   
164751   
164752   
164753   
164754   
164755   
164756   
164757   
164758   
164759   
164800   
164801   
164802   
164803   
164804   
164805   
164806   
164807   
164808   
164809   
164810   
164811   
164812   
164813   
164814   
164815   
164816   
164817   
164818   
164819   
164820   
164821   
164822   
164823   
164824   
164825   
164826   
164827   
164828   
164829   
164830   
164831   
164832   
164833   
164834   
164835   
164836   
164837   
164838   
164839   
164840   
164841   
164842   
164843   
164844   
164845   
164846   
164847   
164848   
164849   
164850   
164851   
164852   
164853   
164854   
164855   
164856   
164857   
164858   
164859   
164900   
164901   
164902   
164903   
164904   
164905   
164906   
164907   
164908   
164909   
164910   
164911   
164912   
164913   
164914   
164915   
164916   
164917   
164918   
164919   
164920   
164921   
164922   
164923   
164924   
164925   
164926   
164927   
164928   
164929   
164930   
164931   
164932   
164933   
164934   
164935   
164936   
164937   
164938   
164939   
164940   
164941   
164942   
164943   
164944   
164945   
164946   
164947   
164948   
164949   
164950   
164951   
164952   
164953   
164954   
164955   
164956   
164957   
164958   
164959   
165000   
165001   
165002   
165003   
165004   
165005   
165006   
165007   
165008   
165009   
165010   
165011   
165012   
165013   
165014   
165015   
165016   
165017   
165018   
165019   
165020   
165021   
165022   
165023   
165024   
165025   
165026   
165027   
165028   
165029   
165030   
165031   
165032   
165033   
165034   
165035   
165036   
165037   
165038   
165039   
165040   
165041   
165042   
165043   
165044   
165045   
165046   
165047   
165048   
165049   
165050   
165051   
165052   
165053   
165054   
165055   
165056   
165057   
165058   
165059   
165100   
165101   
165102   
165103   
165104   
165105   
165106   
165107   
165108   
165109   
165110   
165111   
165112   
165113   
165114   
165115   
165116   
165117   
165118   
165119   
165120   
165121   
165122   
165123   
165124   
165125   
165126   
165127   
165128   
165129   
165130   
165131   
165132   
165133   
165134   
165135   
165136   
165137   
165138   
165139   
165140   
165141   
165142   
165143   
165144   
165145   
165146   
165147   
165148   
165149   
165150   
165151   
165152   
165153   
165154   
165155   
165156   
165157   
165158   
165159   
165200   
165201   
165202   
165203   
165204   
165205   
165206   
165207   
165208   
165209   
165210   
165211   
165212   
165213   
165214   
165215   
165216   
165217   
165218   
165219   
165220   
165221   
165222   
165223   
165224   
165225   
165226   
165227   
165228   
165229   
165230   
165231   
165232   
165233   
165234   
165235   
165236   
165237   
165238   
165239   
165240   
165241   
165242   
165243   
165244   
165245   
165246   
165247   
165248   
165249   
165250   
165251   
165252   
165253   
165254   
165255   
165256   
165257   
165258   
165259   
165300   
165301   
165302   
165303   
165304   
165305   
165306   
165307   
165308   
165309   
165310   
165311   
165312   
165313   
165314   
165315   
165316   
165317   
165318   
165319   
165320   
165321   
165322   
165323   
165324   
165325   
165326   
165327   
165328   
165329   
165330   
165331   
165332   
165333   
165334   
165335   
165336   
165337   
165338   
165339   
165340   
165341   
165342   
165343   
165344   
165345   
165346   
165347   
165348   
165349   
165350   
165351   
165352   
165353   
165354   
165355   
165356   
165357   
165358   
165359   
165400   
165401   
165402   
165403   
165404   
165405   
165406   
165407   
165408   
165409   
165410   
165411   
165412   
165413   
165414   
165415   
165416   
165417   
165418   
165419   
165420   
165421   
165422   
165423   
165424   
165425   
165426   
165427   
165428   
165429   
165430   
165431   
165432   
165433   
165434   
165435   
165436   
165437   
165438   
165439   
165440   
165441   
165442   
165443   
165444   
165445   
165446   
165447   
165448   
165449   
165450   
165451   
165452   
165453   
165454   
165455   
165456   
165457   
165458   
165459   
165500   
165501   
165502   
165503   
165504   
165505   
165506   
165507   
165508   
165509   
165510   
165511   
165512   
165513   
165514   
165515   
165516   
165517   
165518   
165519   
165520   
165521   
165522   
165523   
165524   
165525   
165526   
165527   
165528   
165529   
165530   
165531   
165532   
165533   
165534   
165535   
165536   
165537   
165538   
165539   
165540   
165541   
165542   
165543   
165544   
165545   
165546   
165547   
165548   
165549   
165550   
165551   
165552   
165553   
165554   
165555   
165556   
165557   
165558   
165559   
165600   
165601   
165602   
165603   
165604   
165605   
165606   
165607   
165608   
165609   
165610   
165611   
165612   
165613   
165614   
165615   
165616   
165617   
165618   
165619   
165620   
165621   
165622   
165623   
165624   
165625   
165626   
165627   
165628   
165629   
165630   
165631   
165632   
165633   
165634   
165635   
165636   
165637   
165638   
165639   
165640   
165641   
165642   
165643   
165644   
165645   
165646   
165647   
165648   
165649   
165650   
165651   
165652   
165653   
165654   
165655   
165656   
165657   
165658   
165659   
165700   
165701   
165702   
165703   
165704   
165705   
165706   
165707   
165708   
165709   
165710   
165711   
165712   
165713   
165714   
165715   
165716   
165717   
165718   
165719   
165720   
165721   
165722   
165723   
165724   
165725   
165726   
165727   
165728   
165729   
165730   
165731   
165732   
165733   
165734   
165735   
165736   
165737   
165738   
165739   
165740   
165741   
165742   
165743   
165744   
165745   
165746   
165747   
165748   
165749   
165750   
165751   
165752   
165753   
165754   
165755   
165756   
165757   
165758   
165759   
165800   
165801   
165802   
165803   
165804   
165805   
165806   
165807   
165808   
165809   
165810   
165811   
165812   
165813   
165814   
165815   
165816   
165817   
165818   
165819   
165820   
165821   
165822   
165823   
165824   
165825   
165826   
165827   
165828   
165829   
165830   
165831   
165832   
165833   
165834   
165835   
165836   
165837   
165838   
165839   
165840   
165841   
165842   
165843   
165844   
165845   
165846   
165847   
165848   
165849   
165850   
165851   
165852   
165853   
165854   
165855   
165856   
165857   
165858   
165859   
165900   
165901   
165902   
165903   
165904   
165905   
165906   
165907   
165908   
165909   
165910   
165911   
165912   
165913   
165914   
165915   
165916   
165917   
165918   
165919   
165920   
165921   
165922   
165923   
165924   
165925   
165926   
165927   
165928   
165929   
165930   
165931   
165932   
165933   
165934   
165935   
165936   
165937   
165938   
165939   
165940   
165941   
165942   
165943   
165944   
165945   
165946   
165947   
165948   
165949   
165950   
165951   
165952   
165953   
165954   
165955   
165956   
165957   
165958   
165959   
