170000   
170001   
170002   
170003   
170004   
170005   
170006   
170007   
170008   
170009   
170010   
170011   
170012   
170013   
170014   
170015   
170016   
170017   
170018   
170019   
170020   
170021   
170022   
170023   
170024   
170025   
170026   
170027   
170028   
170029   
170030   
170031   
170032   
170033   
170034   
170035   
170036   
170037   
170038   
170039   
170040   
170041   
170042   
170043   
170044   
170045   
170046   
170047   
170048   
170049   
170050   
170051   
170052   
170053   
170054   
170055   
170056   
170057   
170058   
170059   
170100   
170101   
170102   
170103   
170104   
170105   
170106   
170107   
170108   
170109   
170110   
170111   
170112   
170113   
170114   
170115   
170116   
170117   
170118   
170119   
170120   
170121   
170122   
170123   
170124   
170125   
170126   
170127   
170128   
170129   
170130   
170131   
170132   
170133   
170134   
170135   
170136   
170137   
170138   
170139   
170140   
170141   
170142   
170143   
170144   
170145   
170146   
170147   
170148   
170149   
170150   
170151   
170152   
170153   
170154   
170155   
170156   
170157   
170158   
170159   
170200   
170201   
170202   
170203   
170204   
170205   
170206   
170207   
170208   
170209   
170210   
170211   
170212   
170213   
170214   
170215   
170216   
170217   
170218   
170219   
170220   
170221   
170222   
170223   
170224   
170225   
170226   
170227   
170228   
170229   
170230   
170231   
170232   
170233   
170234   
170235   
170236   
170237   
170238   
170239   
170240   
170241   
170242   
170243   
170244   
170245   
170246   
170247   
170248   
170249   
170250   
170251   
170252   
170253   
170254   
170255   
170256   
170257   
170258   
170259   
170300   
170301   
170302   
170303   
170304   
170305   
170306   
170307   
170308   
170309   
170310   
170311   
170312   
170313   
170314   
170315   
170316   
170317   
170318   
170319   
170320   
170321   
170322   
170323   
170324   
170325   
170326   
170327   
170328   
170329   
170330   
170331   
170332   
170333   
170334   
170335   
170336   
170337   
170338   
170339   
170340   
170341   
170342   
170343   
170344   
170345   
170346   
170347   
170348   
170349   
170350   
170351   
170352   
170353   
170354   
170355   
170356   
170357   
170358   
170359   
170400   
170401   
170402   
170403   
170404   
170405   
170406   
170407   
170408   
170409   
170410   
170411   
170412   
170413   
170414   
170415   
170416   
170417   
170418   
170419   
170420   
170421   
170422   
170423   
170424   
170425   
170426   
170427   
170428   
170429   
170430   
170431   
170432   
170433   
170434   
170435   
170436   
170437   
170438   
170439   
170440   
170441   
170442   
170443   
170444   
170445   
170446   
170447   
170448   
170449   
170450   
170451   
170452   
170453   
170454   
170455   
170456   
170457   
170458   
170459   
170500   
170501   
170502   
170503   
170504   
170505   
170506   
170507   
170508   
170509   
170510   
170511   
170512   
170513   
170514   
170515   
170516   
170517   
170518   
170519   
170520   
170521   
170522   
170523   
170524   
170525   
170526   
170527   
170528   
170529   
170530   
170531   
170532   
170533   
170534   
170535   
170536   
170537   
170538   
170539   
170540   
170541   
170542   
170543   
170544   
170545   
170546   
170547   
170548   
170549   
170550   
170551   
170552   
170553   
170554   
170555   
170556   
170557   
170558   
170559   
170600   
170601   
170602   
170603   
170604   
170605   
170606   
170607   
170608   
170609   
170610   
170611   
170612   
170613   
170614   
170615   
170616   
170617   
170618   
170619   
170620   
170621   
170622   
170623   
170624   
170625   
170626   
170627   
170628   
170629   
170630   
170631   
170632   
170633   
170634   
170635   
170636   
170637   
170638   
170639   
170640   
170641   
170642   
170643   
170644   
170645   
170646   
170647   
170648   
170649   
170650   
170651   
170652   
170653   
170654   
170655   
170656   
170657   
170658   
170659   
170700   
170701   
170702   
170703   
170704   
170705   
170706   
170707   
170708   
170709   
170710   
170711   
170712   
170713   
170714   
170715   
170716   
170717   
170718   
170719   
170720   
170721   
170722   
170723   
170724   
170725   
170726   
170727   
170728   
170729   
170730   
170731   
170732   
170733   
170734   
170735   
170736   
170737   
170738   
170739   
170740   
170741   
170742   
170743   
170744   
170745   
170746   
170747   
170748   
170749   
170750   
170751   
170752   
170753   
170754   
170755   
170756   
170757   
170758   
170759   
170800   
170801   
170802   
170803   
170804   
170805   
170806   
170807   
170808   
170809   
170810   
170811   
170812   
170813   
170814   
170815   
170816   
170817   
170818   
170819   
170820   
170821   
170822   
170823   
170824   
170825   
170826   
170827   
170828   
170829   
170830   
170831   
170832   
170833   
170834   
170835   
170836   
170837   
170838   
170839   
170840   
170841   
170842   
170843   
170844   
170845   
170846   
170847   
170848   
170849   
170850   
170851   
170852   
170853   
170854   
170855   
170856   
170857   
170858   
170859   
170900   
170901   
170902   
170903   
170904   
170905   
170906   
170907   
170908   
170909   
170910   
170911   
170912   
170913   
170914   
170915   
170916   
170917   
170918   
170919   
170920   
170921   
170922   
170923   
170924   
170925   
170926   
170927   
170928   
170929   
170930   
170931   
170932   
170933   
170934   
170935   
170936   
170937   
170938   
170939   
170940   
170941   
170942   
170943   
170944   
170945   
170946   
170947   
170948   
170949   
170950   
170951   
170952   
170953   
170954   
170955   
170956   
170957   
170958   
170959   
171000   
171001   
171002   
171003   
171004   
171005   
171006   
171007   
171008   
171009   
171010   
171011   
171012   
171013   
171014   
171015   
171016   
171017   
171018   
171019   
171020   
171021   
171022   
171023   
171024   
171025   
171026   
171027   
171028   
171029   
171030   
171031   
171032   
171033   
171034   
171035   
171036   
171037   
171038   
171039   
171040   
171041   
171042   
171043   
171044   
171045   
171046   
171047   
171048   
171049   
171050   
171051   
171052   
171053   
171054   
171055   
171056   
171057   
171058   
171059   
171100   
171101   
171102   
171103   
171104   
171105   
171106   
171107   
171108   
171109   
171110   
171111   
171112   
171113   
171114   
171115   
171116   
171117   
171118   
171119   
171120   
171121   
171122   
171123   
171124   
171125   
171126   
171127   
171128   
171129   
171130   
171131   
171132   
171133   
171134   
171135   
171136   
171137   
171138   
171139   
171140   
171141   
171142   
171143   
171144   
171145   
171146   
171147   
171148   
171149   
171150   
171151   
171152   
171153   
171154   
171155   
171156   
171157   
171158   
171159   
171200   
171201   
171202   
171203   
171204   
171205   
171206   
171207   
171208   
171209   
171210   
171211   
171212   
171213   
171214   
171215   
171216   
171217   
171218   
171219   
171220   
171221   
171222   
171223   
171224   
171225   
171226   
171227   
171228   
171229   
171230   
171231   
171232   
171233   
171234   
171235   
171236   
171237   
171238   
171239   
171240   
171241   
171242   
171243   
171244   
171245   
171246   
171247   
171248   
171249   
171250   
171251   
171252   
171253   
171254   
171255   
171256   
171257   
171258   
171259   
171300   
171301   
171302   
171303   
171304   
171305   
171306   
171307   
171308   
171309   
171310   
171311   
171312   
171313   
171314   
171315   
171316   
171317   
171318   
171319   
171320   
171321   
171322   
171323   
171324   
171325   
171326   
171327   
171328   
171329   
171330   
171331   
171332   
171333   
171334   
171335   
171336   
171337   
171338   
171339   
171340   
171341   
171342   
171343   
171344   
171345   
171346   
171347   
171348   
171349   
171350   
171351   
171352   
171353   
171354   
171355   
171356   
171357   
171358   
171359   
171400   
171401   
171402   
171403   
171404   
171405   
171406   
171407   
171408   
171409   
171410   
171411   
171412   
171413   
171414   
171415   
171416   
171417   
171418   
171419   
171420   
171421   
171422   
171423   
171424   
171425   
171426   
171427   
171428   
171429   
171430   
171431   
171432   
171433   
171434   
171435   
171436   
171437   
171438   
171439   
171440   
171441   
171442   
171443   
171444   
171445   
171446   
171447   
171448   
171449   
171450   
171451   
171452   
171453   
171454   
171455   
171456   
171457   
171458   
171459   
171500   
171501   
171502   
171503   
171504   
171505   
171506   
171507   
171508   
171509   
171510   
171511   
171512   
171513   
171514   
171515   
171516   
171517   
171518   
171519   
171520   
171521   
171522   
171523   
171524   
171525   
171526   
171527   
171528   
171529   
171530   
171531   
171532   
171533   
171534   
171535   
171536   
171537   
171538   
171539   
171540   
171541   
171542   
171543   
171544   
171545   
171546   
171547   
171548   
171549   
171550   
171551   
171552   
171553   
171554   
171555   
171556   
171557   
171558   
171559   
171600   
171601   
171602   
171603   
171604   
171605   
171606   
171607   
171608   
171609   
171610   
171611   
171612   
171613   
171614   
171615   
171616   
171617   
171618   
171619   
171620   
171621   
171622   
171623   
171624   
171625   
171626   
171627   
171628   
171629   
171630   
171631   
171632   
171633   
171634   
171635   
171636   
171637   
171638   
171639   
171640   
171641   
171642   
171643   
171644   
171645   
171646   
171647   
171648   
171649   
171650   
171651   
171652   
171653   
171654   
171655   
171656   
171657   
171658   
171659   
171700   
171701   
171702   
171703   
171704   
171705   
171706   
171707   
171708   
171709   
171710   
171711   
171712   
171713   
171714   
171715   
171716   
171717   
171718   
171719   
171720   
171721   
171722   
171723   
171724   
171725   
171726   
171727   
171728   
171729   
171730   
171731   
171732   
171733   
171734   
171735   
171736   
171737   
171738   
171739   
171740   
171741   
171742   
171743   
171744   
171745   
171746   
171747   
171748   
171749   
171750   
171751   
171752   
171753   
171754   
171755   
171756   
171757   
171758   
171759   
171800   
171801   
171802   
171803   
171804   
171805   
171806   
171807   
171808   
171809   
171810   
171811   
171812   
171813   
171814   
171815   
171816   
171817   
171818   
171819   
171820   
171821   
171822   
171823   
171824   
171825   
171826   
171827   
171828   
171829   
171830   
171831   
171832   
171833   
171834   
171835   
171836   
171837   
171838   
171839   
171840   
171841   
171842   
171843   
171844   
171845   
171846   
171847   
171848   
171849   
171850   
171851   
171852   
171853   
171854   
171855   
171856   
171857   
171858   
171859   
171900   
171901   
171902   
171903   
171904   
171905   
171906   
171907   
171908   
171909   
171910   
171911   
171912   
171913   
171914   
171915   
171916   
171917   
171918   
171919   
171920   
171921   
171922   
171923   
171924   
171925   
171926   
171927   
171928   
171929   
171930   
171931   
171932   
171933   
171934   
171935   
171936   
171937   
171938   
171939   
171940   
171941   
171942   
171943   
171944   
171945   
171946   
171947   
171948   
171949   
171950   
171951   
171952   
171953   
171954   
171955   
171956   
171957   
171958   
171959   
172000   
172001   
172002   
172003   
172004   
172005   
172006   
172007   
172008   
172009   
172010   
172011   
172012   
172013   
172014   
172015   
172016   
172017   
172018   
172019   
172020   
172021   
172022   
172023   
172024   
172025   
172026   
172027   
172028   
172029   
172030   
172031   
172032   
172033   
172034   
172035   
172036   
172037   
172038   
172039   
172040   
172041   
172042   
172043   
172044   
172045   
172046   
172047   
172048   
172049   
172050   
172051   
172052   
172053   
172054   
172055   
172056   
172057   
172058   
172059   
172100   
172101   
172102   
172103   
172104   
172105   
172106   
172107   
172108   
172109   
172110   
172111   
172112   
172113   
172114   
172115   
172116   
172117   
172118   
172119   
172120   
172121   
172122   
172123   
172124   
172125   
172126   
172127   
172128   
172129   
172130   
172131   
172132   
172133   
172134   
172135   
172136   
172137   
172138   
172139   
172140   
172141   
172142   
172143   
172144   
172145   
172146   
172147   
172148   
172149   
172150   
172151   
172152   
172153   
172154   
172155   
172156   
172157   
172158   
172159   
172200   
172201   
172202   
172203   
172204   
172205   
172206   
172207   
172208   
172209   
172210   
172211   
172212   
172213   
172214   
172215   
172216   
172217   
172218   
172219   
172220   
172221   
172222   
172223   
172224   
172225   
172226   
172227   
172228   
172229   
172230   
172231   
172232   
172233   
172234   
172235   
172236   
172237   
172238   
172239   
172240   
172241   
172242   
172243   
172244   
172245   
172246   
172247   
172248   
172249   
172250   
172251   
172252   
172253   
172254   
172255   
172256   
172257   
172258   
172259   
172300   
172301   
172302   
172303   
172304   
172305   
172306   
172307   
172308   
172309   
172310   
172311   
172312   
172313   
172314   
172315   
172316   
172317   
172318   
172319   
172320   
172321   
172322   
172323   
172324   
172325   
172326   
172327   
172328   
172329   
172330   
172331   
172332   
172333   
172334   
172335   
172336   
172337   
172338   
172339   
172340   
172341   
172342   
172343   
172344   
172345   
172346   
172347   
172348   
172349   
172350   
172351   
172352   
172353   
172354   
172355   
172356   
172357   
172358   
172359   
172400   
172401   
172402   
172403   
172404   
172405   
172406   
172407   
172408   
172409   
172410   
172411   
172412   
172413   
172414   
172415   
172416   
172417   
172418   
172419   
172420   
172421   
172422   
172423   
172424   
172425   
172426   
172427   
172428   
172429   
172430   
172431   
172432   
172433   
172434   
172435   
172436   
172437   
172438   
172439   
172440   
172441   
172442   
172443   
172444   
172445   
172446   
172447   
172448   
172449   
172450   
172451   
172452   
172453   
172454   
172455   
172456   
172457   
172458   
172459   
172500   
172501   
172502   
172503   
172504   
172505   
172506   
172507   
172508   
172509   
172510   
172511   
172512   
172513   
172514   
172515   
172516   
172517   
172518   
172519   
172520   
172521   
172522   
172523   
172524   
172525   
172526   
172527   
172528   
172529   
172530   
172531   
172532   
172533   
172534   
172535   
172536   
172537   
172538   
172539   
172540   
172541   
172542   
172543   
172544   
172545   
172546   
172547   
172548   
172549   
172550   
172551   
172552   
172553   
172554   
172555   
172556   
172557   
172558   
172559   
172600   
172601   
172602   
172603   
172604   
172605   
172606   
172607   
172608   
172609   
172610   
172611   
172612   
172613   
172614   
172615   
172616   
172617   
172618   
172619   
172620   
172621   
172622   
172623   
172624   
172625   
172626   
172627   
172628   
172629   
172630   
172631   
172632   
172633   
172634   
172635   
172636   
172637   
172638   
172639   
172640   
172641   
172642   
172643   
172644   
172645   
172646   
172647   
172648   
172649   
172650   
172651   
172652   
172653   
172654   
172655   
172656   
172657   
172658   
172659   
172700   
172701   
172702   
172703   
172704   
172705   
172706   
172707   
172708   
172709   
172710   
172711   
172712   
172713   
172714   
172715   
172716   
172717   
172718   
172719   
172720   
172721   
172722   
172723   
172724   
172725   
172726   
172727   
172728   
172729   
172730   
172731   
172732   
172733   
172734   
172735   
172736   
172737   
172738   
172739   
172740   
172741   
172742   
172743   
172744   
172745   
172746   
172747   
172748   
172749   
172750   
172751   
172752   
172753   
172754   
172755   
172756   
172757   
172758   
172759   
172800   
172801   
172802   
172803   
172804   
172805   
172806   
172807   
172808   
172809   
172810   
172811   
172812   
172813   
172814   
172815   
172816   
172817   
172818   
172819   
172820   
172821   
172822   
172823   
172824   
172825   
172826   
172827   
172828   
172829   
172830   
172831   
172832   
172833   
172834   
172835   
172836   
172837   
172838   
172839   
172840   
172841   
172842   
172843   
172844   
172845   
172846   
172847   
172848   
172849   
172850   
172851   
172852   
172853   
172854   
172855   
172856   
172857   
172858   
172859   
172900   
172901   
172902   
172903   
172904   
172905   
172906   
172907   
172908   
172909   
172910   
172911   
172912   
172913   
172914   
172915   
172916   
172917   
172918   
172919   
172920   
172921   
172922   
172923   
172924   
172925   
172926   
172927   
172928   
172929   
172930   
172931   
172932   
172933   
172934   
172935   
172936   
172937   
172938   
172939   
172940   
172941   
172942   
172943   
172944   
172945   
172946   
172947   
172948   
172949   
172950   
172951   
172952   
172953   
172954   
172955   
172956   
172957   
172958   
172959   
173000   
173001   
173002   
173003   
173004   
173005   
173006   
173007   
173008   
173009   
173010   
173011   
173012   
173013   
173014   
173015   
173016   
173017   
173018   
173019   
173020   
173021   
173022   
173023   
173024   
173025   
173026   
173027   
173028   
173029   
173030   
173031   
173032   
173033   
173034   
173035   
173036   
173037   
173038   
173039   
173040   
173041   
173042   
173043   
173044   
173045   
173046   
173047   
173048   
173049   
173050   
173051   
173052   
173053   
173054   
173055   
173056   
173057   
173058   
173059   
173100   
173101   
173102   
173103   
173104   
173105   
173106   
173107   
173108   
173109   
173110   
173111   
173112   
173113   
173114   
173115   
173116   
173117   
173118   
173119   
173120   
173121   
173122   
173123   
173124   
173125   
173126   
173127   
173128   
173129   
173130   
173131   
173132   
173133   
173134   
173135   
173136   
173137   
173138   
173139   
173140   
173141   
173142   
173143   
173144   
173145   
173146   
173147   
173148   
173149   
173150   
173151   
173152   
173153   
173154   
173155   
173156   
173157   
173158   
173159   
173200   
173201   
173202   
173203   
173204   
173205   
173206   
173207   
173208   
173209   
173210   
173211   
173212   
173213   
173214   
173215   
173216   
173217   
173218   
173219   
173220   
173221   
173222   
173223   
173224   
173225   
173226   
173227   
173228   
173229   
173230   
173231   
173232   
173233   
173234   
173235   
173236   
173237   
173238   
173239   
173240   
173241   
173242   
173243   
173244   
173245   
173246   
173247   
173248   
173249   
173250   
173251   
173252   
173253   
173254   
173255   
173256   
173257   
173258   
173259   
173300   
173301   
173302   
173303   
173304   
173305   
173306   
173307   
173308   
173309   
173310   
173311   
173312   
173313   
173314   
173315   
173316   
173317   
173318   
173319   
173320   
173321   
173322   
173323   
173324   
173325   
173326   
173327   
173328   
173329   
173330   
173331   
173332   
173333   
173334   
173335   
173336   
173337   
173338   
173339   
173340   
173341   
173342   
173343   
173344   
173345   
173346   
173347   
173348   
173349   
173350   
173351   
173352   
173353   
173354   
173355   
173356   
173357   
173358   
173359   
173400   
173401   
173402   
173403   
173404   
173405   
173406   
173407   
173408   
173409   
173410   
173411   
173412   
173413   
173414   
173415   
173416   
173417   
173418   
173419   
173420   
173421   
173422   
173423   
173424   
173425   
173426   
173427   
173428   
173429   
173430   
173431   
173432   
173433   
173434   
173435   
173436   
173437   
173438   
173439   
173440   
173441   
173442   
173443   
173444   
173445   
173446   
173447   
173448   
173449   
173450   
173451   
173452   
173453   
173454   
173455   
173456   
173457   
173458   
173459   
173500   
173501   
173502   
173503   
173504   
173505   
173506   
173507   
173508   
173509   
173510   
173511   
173512   
173513   
173514   
173515   
173516   
173517   
173518   
173519   
173520   
173521   
173522   
173523   
173524   
173525   
173526   
173527   
173528   
173529   
173530   
173531   
173532   
173533   
173534   
173535   
173536   
173537   
173538   
173539   
173540   
173541   
173542   
173543   
173544   
173545   
173546   
173547   
173548   
173549   
173550   
173551   
173552   
173553   
173554   
173555   
173556   
173557   
173558   
173559   
173600   
173601   
173602   
173603   
173604   
173605   
173606   
173607   
173608   
173609   
173610   
173611   
173612   
173613   
173614   
173615   
173616   
173617   
173618   
173619   
173620   
173621   
173622   
173623   
173624   
173625   
173626   
173627   
173628   
173629   
173630   
173631   
173632   
173633   
173634   
173635   
173636   
173637   
173638   
173639   
173640   
173641   
173642   
173643   
173644   
173645   
173646   
173647   
173648   
173649   
173650   
173651   
173652   
173653   
173654   
173655   
173656   
173657   
173658   
173659   
173700   
173701   
173702   
173703   
173704   
173705   
173706   
173707   
173708   
173709   
173710   
173711   
173712   
173713   
173714   
173715   
173716   
173717   
173718   
173719   
173720   
173721   
173722   
173723   
173724   
173725   
173726   
173727   
173728   
173729   
173730   
173731   
173732   
173733   
173734   
173735   
173736   
173737   
173738   
173739   
173740   
173741   
173742   
173743   
173744   
173745   
173746   
173747   
173748   
173749   
173750   
173751   
173752   
173753   
173754   
173755   
173756   
173757   
173758   
173759   
173800   
173801   
173802   
173803   
173804   
173805   
173806   
173807   
173808   
173809   
173810   
173811   
173812   
173813   
173814   
173815   
173816   
173817   
173818   
173819   
173820   
173821   
173822   
173823   
173824   
173825   
173826   
173827   
173828   
173829   
173830   
173831   
173832   
173833   
173834   
173835   
173836   
173837   
173838   
173839   
173840   
173841   
173842   
173843   
173844   
173845   
173846   
173847   
173848   
173849   
173850   
173851   
173852   
173853   
173854   
173855   
173856   
173857   
173858   
173859   
173900   
173901   
173902   
173903   
173904   
173905   
173906   
173907   
173908   
173909   
173910   
173911   
173912   
173913   
173914   
173915   
173916   
173917   
173918   
173919   
173920   
173921   
173922   
173923   
173924   
173925   
173926   
173927   
173928   
173929   
173930   
173931   
173932   
173933   
173934   
173935   
173936   
173937   
173938   
173939   
173940   
173941   
173942   
173943   
173944   
173945   
173946   
173947   
173948   
173949   
173950   
173951   
173952   
173953   
173954   
173955   
173956   
173957   
173958   
173959   
174000   
174001   
174002   
174003   
174004   
174005   
174006   
174007   
174008   
174009   
174010   
174011   
174012   
174013   
174014   
174015   
174016   
174017   
174018   
174019   
174020   
174021   
174022   
174023   
174024   
174025   
174026   
174027   
174028   
174029   
174030   
174031   
174032   
174033   
174034   
174035   
174036   
174037   
174038   
174039   
174040   
174041   
174042   
174043   
174044   
174045   
174046   
174047   
174048   
174049   
174050   
174051   
174052   
174053   
174054   
174055   
174056   
174057   
174058   
174059   
174100   
174101   
174102   
174103   
174104   
174105   
174106   
174107   
174108   
174109   
174110   
174111   
174112   
174113   
174114   
174115   
174116   
174117   
174118   
174119   
174120   
174121   
174122   
174123   
174124   
174125   
174126   
174127   
174128   
174129   
174130   
174131   
174132   
174133   
174134   
174135   
174136   
174137   
174138   
174139   
174140   
174141   
174142   
174143   
174144   
174145   
174146   
174147   
174148   
174149   
174150   
174151   
174152   
174153   
174154   
174155   
174156   
174157   
174158   
174159   
174200   
174201   
174202   
174203   
174204   
174205   
174206   
174207   
174208   
174209   
174210   
174211   
174212   
174213   
174214   
174215   
174216   
174217   
174218   
174219   
174220   
174221   
174222   
174223   
174224   
174225   
174226   
174227   
174228   
174229   
174230   
174231   
174232   
174233   
174234   
174235   
174236   
174237   
174238   
174239   
174240   
174241   
174242   
174243   
174244   
174245   
174246   
174247   
174248   
174249   
174250   
174251   
174252   
174253   
174254   
174255   
174256   
174257   
174258   
174259   
174300   
174301   
174302   
174303   
174304   
174305   
174306   
174307   
174308   
174309   
174310   
174311   
174312   
174313   
174314   
174315   
174316   
174317   
174318   
174319   
174320   
174321   
174322   
174323   
174324   
174325   
174326   
174327   
174328   
174329   
174330   
174331   
174332   
174333   
174334   
174335   
174336   
174337   
174338   
174339   
174340   
174341   
174342   
174343   
174344   
174345   
174346   
174347   
174348   
174349   
174350   
174351   
174352   
174353   
174354   
174355   
174356   
174357   
174358   
174359   
174400   
174401   
174402   
174403   
174404   
174405   
174406   
174407   
174408   
174409   
174410   
174411   
174412   
174413   
174414   
174415   
174416   
174417   
174418   
174419   
174420   
174421   
174422   
174423   
174424   
174425   
174426   
174427   
174428   
174429   
174430   
174431   
174432   
174433   
174434   
174435   
174436   
174437   
174438   
174439   
174440   
174441   
174442   
174443   
174444   
174445   
174446   
174447   
174448   
174449   
174450   
174451   
174452   
174453   
174454   
174455   
174456   
174457   
174458   
174459   
174500   
174501   
174502   
174503   
174504   
174505   
174506   
174507   
174508   
174509   
174510   
174511   
174512   
174513   
174514   
174515   
174516   
174517   
174518   
174519   
174520   
174521   
174522   
174523   
174524   
174525   
174526   
174527   
174528   
174529   
174530   
174531   
174532   
174533   
174534   
174535   
174536   
174537   
174538   
174539   
174540   
174541   
174542   
174543   
174544   
174545   
174546   
174547   
174548   
174549   
174550   
174551   
174552   
174553   
174554   
174555   
174556   
174557   
174558   
174559   
174600   
174601   
174602   
174603   
174604   
174605   
174606   
174607   
174608   
174609   
174610   
174611   
174612   
174613   
174614   
174615   
174616   
174617   
174618   
174619   
174620   
174621   
174622   
174623   
174624   
174625   
174626   
174627   
174628   
174629   
174630   
174631   
174632   
174633   
174634   
174635   
174636   
174637   
174638   
174639   
174640   
174641   
174642   
174643   
174644   
174645   
174646   
174647   
174648   
174649   
174650   
174651   
174652   
174653   
174654   
174655   
174656   
174657   
174658   
174659   
174700   
174701   
174702   
174703   
174704   
174705   
174706   
174707   
174708   
174709   
174710   
174711   
174712   
174713   
174714   
174715   
174716   
174717   
174718   
174719   
174720   
174721   
174722   
174723   
174724   
174725   
174726   
174727   
174728   
174729   
174730   
174731   
174732   
174733   
174734   
174735   
174736   
174737   
174738   
174739   
174740   
174741   
174742   
174743   
174744   
174745   
174746   
174747   
174748   
174749   
174750   
174751   
174752   
174753   
174754   
174755   
174756   
174757   
174758   
174759   
174800   
174801   
174802   
174803   
174804   
174805   
174806   
174807   
174808   
174809   
174810   
174811   
174812   
174813   
174814   
174815   
174816   
174817   
174818   
174819   
174820   
174821   
174822   
174823   
174824   
174825   
174826   
174827   
174828   
174829   
174830   
174831   
174832   
174833   
174834   
174835   
174836   
174837   
174838   
174839   
174840   
174841   
174842   
174843   
174844   
174845   
174846   
174847   
174848   
174849   
174850   
174851   
174852   
174853   
174854   
174855   
174856   
174857   
174858   
174859   
174900   
174901   
174902   
174903   
174904   
174905   
174906   
174907   
174908   
174909   
174910   
174911   
174912   
174913   
174914   
174915   
174916   
174917   
174918   
174919   
174920   
174921   
174922   
174923   
174924   
174925   
174926   
174927   
174928   
174929   
174930   
174931   
174932   
174933   
174934   
174935   
174936   
174937   
174938   
174939   
174940   
174941   
174942   
174943   
174944   
174945   
174946   
174947   
174948   
174949   
174950   
174951   
174952   
174953   
174954   
174955   
174956   
174957   
174958   
174959   
175000   
175001   
175002   
175003   
175004   
175005   
175006   
175007   
175008   
175009   
175010   
175011   
175012   
175013   
175014   
175015   
175016   
175017   
175018   
175019   
175020   
175021   
175022   
175023   
175024   
175025   
175026   
175027   
175028   
175029   
175030   
175031   
175032   
175033   
175034   
175035   
175036   
175037   
175038   
175039   
175040   
175041   
175042   
175043   
175044   
175045   
175046   
175047   
175048   
175049   
175050   
175051   
175052   
175053   
175054   
175055   
175056   
175057   
175058   
175059   
175100   
175101   
175102   
175103   
175104   
175105   
175106   
175107   
175108   
175109   
175110   
175111   
175112   
175113   
175114   
175115   
175116   
175117   
175118   
175119   
175120   
175121   
175122   
175123   
175124   
175125   
175126   
175127   
175128   
175129   
175130   
175131   
175132   
175133   
175134   
175135   
175136   
175137   
175138   
175139   
175140   
175141   
175142   
175143   
175144   
175145   
175146   
175147   
175148   
175149   
175150   
175151   
175152   
175153   
175154   
175155   
175156   
175157   
175158   
175159   
175200   
175201   
175202   
175203   
175204   
175205   
175206   
175207   
175208   
175209   
175210   
175211   
175212   
175213   
175214   
175215   
175216   
175217   
175218   
175219   
175220   
175221   
175222   
175223   
175224   
175225   
175226   
175227   
175228   
175229   
175230   
175231   
175232   
175233   
175234   
175235   
175236   
175237   
175238   
175239   
175240   
175241   
175242   
175243   
175244   
175245   
175246   
175247   
175248   
175249   
175250   
175251   
175252   
175253   
175254   
175255   
175256   
175257   
175258   
175259   
175300   
175301   
175302   
175303   
175304   
175305   
175306   
175307   
175308   
175309   
175310   
175311   
175312   
175313   
175314   
175315   
175316   
175317   
175318   
175319   
175320   
175321   
175322   
175323   
175324   
175325   
175326   
175327   
175328   
175329   
175330   
175331   
175332   
175333   
175334   
175335   
175336   
175337   
175338   
175339   
175340   
175341   
175342   
175343   
175344   
175345   
175346   
175347   
175348   
175349   
175350   
175351   
175352   
175353   
175354   
175355   
175356   
175357   
175358   
175359   
175400   
175401   
175402   
175403   
175404   
175405   
175406   
175407   
175408   
175409   
175410   
175411   
175412   
175413   
175414   
175415   
175416   
175417   
175418   
175419   
175420   
175421   
175422   
175423   
175424   
175425   
175426   
175427   
175428   
175429   
175430   
175431   
175432   
175433   
175434   
175435   
175436   
175437   
175438   
175439   
175440   
175441   
175442   
175443   
175444   
175445   
175446   
175447   
175448   
175449   
175450   
175451   
175452   
175453   
175454   
175455   
175456   
175457   
175458   
175459   
175500   
175501   
175502   
175503   
175504   
175505   
175506   
175507   
175508   
175509   
175510   
175511   
175512   
175513   
175514   
175515   
175516   
175517   
175518   
175519   
175520   
175521   
175522   
175523   
175524   
175525   
175526   
175527   
175528   
175529   
175530   
175531   
175532   
175533   
175534   
175535   
175536   
175537   
175538   
175539   
175540   
175541   
175542   
175543   
175544   
175545   
175546   
175547   
175548   
175549   
175550   
175551   
175552   
175553   
175554   
175555   
175556   
175557   
175558   
175559   
175600   
175601   
175602   
175603   
175604   
175605   
175606   
175607   
175608   
175609   
175610   
175611   
175612   
175613   
175614   
175615   
175616   
175617   
175618   
175619   
175620   
175621   
175622   
175623   
175624   
175625   
175626   
175627   
175628   
175629   
175630   
175631   
175632   
175633   
175634   
175635   
175636   
175637   
175638   
175639   
175640   
175641   
175642   
175643   
175644   
175645   
175646   
175647   
175648   
175649   
175650   
175651   
175652   
175653   
175654   
175655   
175656   
175657   
175658   
175659   
175700   
175701   
175702   
175703   
175704   
175705   
175706   
175707   
175708   
175709   
175710   
175711   
175712   
175713   
175714   
175715   
175716   
175717   
175718   
175719   
175720   
175721   
175722   
175723   
175724   
175725   
175726   
175727   
175728   
175729   
175730   
175731   
175732   
175733   
175734   
175735   
175736   
175737   
175738   
175739   
175740   
175741   
175742   
175743   
175744   
175745   
175746   
175747   
175748   
175749   
175750   
175751   
175752   
175753   
175754   
175755   
175756   
175757   
175758   
175759   
175800   
175801   
175802   
175803   
175804   
175805   
175806   
175807   
175808   
175809   
175810   
175811   
175812   
175813   
175814   
175815   
175816   
175817   
175818   
175819   
175820   
175821   
175822   
175823   
175824   
175825   
175826   
175827   
175828   
175829   
175830   
175831   
175832   
175833   
175834   
175835   
175836   
175837   
175838   
175839   
175840   
175841   
175842   
175843   
175844   
175845   
175846   
175847   
175848   
175849   
175850   
175851   
175852   
175853   
175854   
175855   
175856   
175857   
175858   
175859   
175900   
175901   
175902   
175903   
175904   
175905   
175906   
175907   
175908   
175909   
175910   
175911   
175912   
175913   
175914   
175915   
175916   
175917   
175918   
175919   
175920   
175921   
175922   
175923   
175924   
175925   
175926   
175927   
175928   
175929   
175930   
175931   
175932   
175933   
175934   
175935   
175936   
175937   
175938   
175939   
175940   
175941   
175942   
175943   
175944   
175945   
175946   
175947   
175948   
175949   
175950   
175951   
175952   
175953   
175954   
175955   
175956   
175957   
175958   
175959   
