180000   
180001   
180002   
180003   
180004   
180005   
180006   
180007   
180008   
180009   
180010   
180011   
180012   
180013   
180014   
180015   
180016   
180017   
180018   
180019   
180020   
180021   
180022   
180023   
180024   
180025   
180026   
180027   
180028   
180029   
180030   
180031   
180032   
180033   
180034   
180035   
180036   
180037   
180038   
180039   
180040   
180041   
180042   
180043   
180044   
180045   
180046   
180047   
180048   
180049   
180050   
180051   
180052   
180053   
180054   
180055   
180056   
180057   
180058   
180059   
180100   
180101   
180102   
180103   
180104   
180105   
180106   
180107   
180108   
180109   
180110   
180111   
180112   
180113   
180114   
180115   
180116   
180117   
180118   
180119   
180120   
180121   
180122   
180123   
180124   
180125   
180126   
180127   
180128   
180129   
180130   
180131   
180132   
180133   
180134   
180135   
180136   
180137   
180138   
180139   
180140   
180141   
180142   
180143   
180144   
180145   
180146   
180147   
180148   
180149   
180150   
180151   
180152   
180153   
180154   
180155   
180156   
180157   
180158   
180159   
180200   
180201   
180202   
180203   
180204   
180205   
180206   
180207   
180208   
180209   
180210   
180211   
180212   
180213   
180214   
180215   
180216   
180217   
180218   
180219   
180220   
180221   
180222   
180223   
180224   
180225   
180226   
180227   
180228   
180229   
180230   
180231   
180232   
180233   
180234   
180235   
180236   
180237   
180238   
180239   
180240   
180241   
180242   
180243   
180244   
180245   
180246   
180247   
180248   
180249   
180250   
180251   
180252   
180253   
180254   
180255   
180256   
180257   
180258   
180259   
180300   
180301   
180302   
180303   
180304   
180305   
180306   
180307   
180308   
180309   
180310   
180311   
180312   
180313   
180314   
180315   
180316   
180317   
180318   
180319   
180320   
180321   
180322   
180323   
180324   
180325   
180326   
180327   
180328   
180329   
180330   
180331   
180332   
180333   
180334   
180335   
180336   
180337   
180338   
180339   
180340   
180341   
180342   
180343   
180344   
180345   
180346   
180347   
180348   
180349   
180350   
180351   
180352   
180353   
180354   
180355   
180356   
180357   
180358   
180359   
180400   
180401   
180402   
180403   
180404   
180405   
180406   
180407   
180408   
180409   
180410   
180411   
180412   
180413   
180414   
180415   
180416   
180417   
180418   
180419   
180420   
180421   
180422   
180423   
180424   
180425   
180426   
180427   
180428   
180429   
180430   
180431   
180432   
180433   
180434   
180435   
180436   
180437   
180438   
180439   
180440   
180441   
180442   
180443   
180444   
180445   
180446   
180447   
180448   
180449   
180450   
180451   
180452   
180453   
180454   
180455   
180456   
180457   
180458   
180459   
180500   
180501   
180502   
180503   
180504   
180505   
180506   
180507   
180508   
180509   
180510   
180511   
180512   
180513   
180514   
180515   
180516   
180517   
180518   
180519   
180520   
180521   
180522   
180523   
180524   
180525   
180526   
180527   
180528   
180529   
180530   
180531   
180532   
180533   
180534   
180535   
180536   
180537   
180538   
180539   
180540   
180541   
180542   
180543   
180544   
180545   
180546   
180547   
180548   
180549   
180550   
180551   
180552   
180553   
180554   
180555   
180556   
180557   
180558   
180559   
180600   
180601   
180602   
180603   
180604   
180605   
180606   
180607   
180608   
180609   
180610   
180611   
180612   
180613   
180614   
180615   
180616   
180617   
180618   
180619   
180620   
180621   
180622   
180623   
180624   
180625   
180626   
180627   
180628   
180629   
180630   
180631   
180632   
180633   
180634   
180635   
180636   
180637   
180638   
180639   
180640   
180641   
180642   
180643   
180644   
180645   
180646   
180647   
180648   
180649   
180650   
180651   
180652   
180653   
180654   
180655   
180656   
180657   
180658   
180659   
180700   
180701   
180702   
180703   
180704   
180705   
180706   
180707   
180708   
180709   
180710   
180711   
180712   
180713   
180714   
180715   
180716   
180717   
180718   
180719   
180720   
180721   
180722   
180723   
180724   
180725   
180726   
180727   
180728   
180729   
180730   
180731   
180732   
180733   
180734   
180735   
180736   
180737   
180738   
180739   
180740   
180741   
180742   
180743   
180744   
180745   
180746   
180747   
180748   
180749   
180750   
180751   
180752   
180753   
180754   
180755   
180756   
180757   
180758   
180759   
180800   
180801   
180802   
180803   
180804   
180805   
180806   
180807   
180808   
180809   
180810   
180811   
180812   
180813   
180814   
180815   
180816   
180817   
180818   
180819   
180820   
180821   
180822   
180823   
180824   
180825   
180826   
180827   
180828   
180829   
180830   
180831   
180832   
180833   
180834   
180835   
180836   
180837   
180838   
180839   
180840   
180841   
180842   
180843   
180844   
180845   
180846   
180847   
180848   
180849   
180850   
180851   
180852   
180853   
180854   
180855   
180856   
180857   
180858   
180859   
180900   
180901   
180902   
180903   
180904   
180905   
180906   
180907   
180908   
180909   
180910   
180911   
180912   
180913   
180914   
180915   
180916   
180917   
180918   
180919   
180920   
180921   
180922   
180923   
180924   
180925   
180926   
180927   
180928   
180929   
180930   
180931   
180932   
180933   
180934   
180935   
180936   
180937   
180938   
180939   
180940   
180941   
180942   
180943   
180944   
180945   
180946   
180947   
180948   
180949   
180950   
180951   
180952   
180953   
180954   
180955   
180956   
180957   
180958   
180959   
181000   
181001   
181002   
181003   
181004   
181005   
181006   
181007   
181008   
181009   
181010   
181011   
181012   
181013   
181014   
181015   
181016   
181017   
181018   
181019   
181020   
181021   
181022   
181023   
181024   
181025   
181026   
181027   
181028   
181029   
181030   
181031   
181032   
181033   
181034   
181035   
181036   
181037   
181038   
181039   
181040   
181041   
181042   
181043   
181044   
181045   
181046   
181047   
181048   
181049   
181050   
181051   
181052   
181053   
181054   
181055   
181056   
181057   
181058   
181059   
181100   
181101   
181102   
181103   
181104   
181105   
181106   
181107   
181108   
181109   
181110   
181111   
181112   
181113   
181114   
181115   
181116   
181117   
181118   
181119   
181120   
181121   
181122   
181123   
181124   
181125   
181126   
181127   
181128   
181129   
181130   
181131   
181132   
181133   
181134   
181135   
181136   
181137   
181138   
181139   
181140   
181141   
181142   
181143   
181144   
181145   
181146   
181147   
181148   
181149   
181150   
181151   
181152   
181153   
181154   
181155   
181156   
181157   
181158   
181159   
181200   
181201   
181202   
181203   
181204   
181205   
181206   
181207   
181208   
181209   
181210   
181211   
181212   
181213   
181214   
181215   
181216   
181217   
181218   
181219   
181220   
181221   
181222   
181223   
181224   
181225   
181226   
181227   
181228   
181229   
181230   
181231   
181232   
181233   
181234   
181235   
181236   
181237   
181238   
181239   
181240   
181241   
181242   
181243   
181244   
181245   
181246   
181247   
181248   
181249   
181250   
181251   
181252   
181253   
181254   
181255   
181256   
181257   
181258   
181259   
181300   
181301   
181302   
181303   
181304   
181305   
181306   
181307   
181308   
181309   
181310   
181311   
181312   
181313   
181314   
181315   
181316   
181317   
181318   
181319   
181320   
181321   
181322   
181323   
181324   
181325   
181326   
181327   
181328   
181329   
181330   
181331   
181332   
181333   
181334   
181335   
181336   
181337   
181338   
181339   
181340   
181341   
181342   
181343   
181344   
181345   
181346   
181347   
181348   
181349   
181350   
181351   
181352   
181353   
181354   
181355   
181356   
181357   
181358   
181359   
181400   
181401   
181402   
181403   
181404   
181405   
181406   
181407   
181408   
181409   
181410   
181411   
181412   
181413   
181414   
181415   
181416   
181417   
181418   
181419   
181420   
181421   
181422   
181423   
181424   
181425   
181426   
181427   
181428   
181429   
181430   
181431   
181432   
181433   
181434   
181435   
181436   
181437   
181438   
181439   
181440   
181441   
181442   
181443   
181444   
181445   
181446   
181447   
181448   
181449   
181450   
181451   
181452   
181453   
181454   
181455   
181456   
181457   
181458   
181459   
181500   
181501   
181502   
181503   
181504   
181505   
181506   
181507   
181508   
181509   
181510   
181511   
181512   
181513   
181514   
181515   
181516   
181517   
181518   
181519   
181520   
181521   
181522   
181523   
181524   
181525   
181526   
181527   
181528   
181529   
181530   
181531   
181532   
181533   
181534   
181535   
181536   
181537   
181538   
181539   
181540   
181541   
181542   
181543   
181544   
181545   
181546   
181547   
181548   
181549   
181550   
181551   
181552   
181553   
181554   
181555   
181556   
181557   
181558   
181559   
181600   
181601   
181602   
181603   
181604   
181605   
181606   
181607   
181608   
181609   
181610   
181611   
181612   
181613   
181614   
181615   
181616   
181617   
181618   
181619   
181620   
181621   
181622   
181623   
181624   
181625   
181626   
181627   
181628   
181629   
181630   
181631   
181632   
181633   
181634   
181635   
181636   
181637   
181638   
181639   
181640   
181641   
181642   
181643   
181644   
181645   
181646   
181647   
181648   
181649   
181650   
181651   
181652   
181653   
181654   
181655   
181656   
181657   
181658   
181659   
181700   
181701   
181702   
181703   
181704   
181705   
181706   
181707   
181708   
181709   
181710   
181711   
181712   
181713   
181714   
181715   
181716   
181717   
181718   
181719   
181720   
181721   
181722   
181723   
181724   
181725   
181726   
181727   
181728   
181729   
181730   
181731   
181732   
181733   
181734   
181735   
181736   
181737   
181738   
181739   
181740   
181741   
181742   
181743   
181744   
181745   
181746   
181747   
181748   
181749   
181750   
181751   
181752   
181753   
181754   
181755   
181756   
181757   
181758   
181759   
181800   
181801   
181802   
181803   
181804   
181805   
181806   
181807   
181808   
181809   
181810   
181811   
181812   
181813   
181814   
181815   
181816   
181817   
181818   
181819   
181820   
181821   
181822   
181823   
181824   
181825   
181826   
181827   
181828   
181829   
181830   
181831   
181832   
181833   
181834   
181835   
181836   
181837   
181838   
181839   
181840   
181841   
181842   
181843   
181844   
181845   
181846   
181847   
181848   
181849   
181850   
181851   
181852   
181853   
181854   
181855   
181856   
181857   
181858   
181859   
181900   
181901   
181902   
181903   
181904   
181905   
181906   
181907   
181908   
181909   
181910   
181911   
181912   
181913   
181914   
181915   
181916   
181917   
181918   
181919   
181920   
181921   
181922   
181923   
181924   
181925   
181926   
181927   
181928   
181929   
181930   
181931   
181932   
181933   
181934   
181935   
181936   
181937   
181938   
181939   
181940   
181941   
181942   
181943   
181944   
181945   
181946   
181947   
181948   
181949   
181950   
181951   
181952   
181953   
181954   
181955   
181956   
181957   
181958   
181959   
182000   
182001   
182002   
182003   
182004   
182005   
182006   
182007   
182008   
182009   
182010   
182011   
182012   
182013   
182014   
182015   
182016   
182017   
182018   
182019   
182020   
182021   
182022   
182023   
182024   
182025   
182026   
182027   
182028   
182029   
182030   
182031   
182032   
182033   
182034   
182035   
182036   
182037   
182038   
182039   
182040   
182041   
182042   
182043   
182044   
182045   
182046   
182047   
182048   
182049   
182050   
182051   
182052   
182053   
182054   
182055   
182056   
182057   
182058   
182059   
182100   
182101   
182102   
182103   
182104   
182105   
182106   
182107   
182108   
182109   
182110   
182111   
182112   
182113   
182114   
182115   
182116   
182117   
182118   
182119   
182120   
182121   
182122   
182123   
182124   
182125   
182126   
182127   
182128   
182129   
182130   
182131   
182132   
182133   
182134   
182135   
182136   
182137   
182138   
182139   
182140   
182141   
182142   
182143   
182144   
182145   
182146   
182147   
182148   
182149   
182150   
182151   
182152   
182153   
182154   
182155   
182156   
182157   
182158   
182159   
182200   
182201   
182202   
182203   
182204   
182205   
182206   
182207   
182208   
182209   
182210   
182211   
182212   
182213   
182214   
182215   
182216   
182217   
182218   
182219   
182220   
182221   
182222   
182223   
182224   
182225   
182226   
182227   
182228   
182229   
182230   
182231   
182232   
182233   
182234   
182235   
182236   
182237   
182238   
182239   
182240   
182241   
182242   
182243   
182244   
182245   
182246   
182247   
182248   
182249   
182250   
182251   
182252   
182253   
182254   
182255   
182256   
182257   
182258   
182259   
182300   
182301   
182302   
182303   
182304   
182305   
182306   
182307   
182308   
182309   
182310   
182311   
182312   
182313   
182314   
182315   
182316   
182317   
182318   
182319   
182320   
182321   
182322   
182323   
182324   
182325   
182326   
182327   
182328   
182329   
182330   
182331   
182332   
182333   
182334   
182335   
182336   
182337   
182338   
182339   
182340   
182341   
182342   
182343   
182344   
182345   
182346   
182347   
182348   
182349   
182350   
182351   
182352   
182353   
182354   
182355   
182356   
182357   
182358   
182359   
182400   
182401   
182402   
182403   
182404   
182405   
182406   
182407   
182408   
182409   
182410   
182411   
182412   
182413   
182414   
182415   
182416   
182417   
182418   
182419   
182420   
182421   
182422   
182423   
182424   
182425   
182426   
182427   
182428   
182429   
182430   
182431   
182432   
182433   
182434   
182435   
182436   
182437   
182438   
182439   
182440   
182441   
182442   
182443   
182444   
182445   
182446   
182447   
182448   
182449   
182450   
182451   
182452   
182453   
182454   
182455   
182456   
182457   
182458   
182459   
182500   
182501   
182502   
182503   
182504   
182505   
182506   
182507   
182508   
182509   
182510   
182511   
182512   
182513   
182514   
182515   
182516   
182517   
182518   
182519   
182520   
182521   
182522   
182523   
182524   
182525   
182526   
182527   
182528   
182529   
182530   
182531   
182532   
182533   
182534   
182535   
182536   
182537   
182538   
182539   
182540   
182541   
182542   
182543   
182544   
182545   
182546   
182547   
182548   
182549   
182550   
182551   
182552   
182553   
182554   
182555   
182556   
182557   
182558   
182559   
182600   
182601   
182602   
182603   
182604   
182605   
182606   
182607   
182608   
182609   
182610   
182611   
182612   
182613   
182614   
182615   
182616   
182617   
182618   
182619   
182620   
182621   
182622   
182623   
182624   
182625   
182626   
182627   
182628   
182629   
182630   
182631   
182632   
182633   
182634   
182635   
182636   
182637   
182638   
182639   
182640   
182641   
182642   
182643   
182644   
182645   
182646   
182647   
182648   
182649   
182650   
182651   
182652   
182653   
182654   
182655   
182656   
182657   
182658   
182659   
182700   
182701   
182702   
182703   
182704   
182705   
182706   
182707   
182708   
182709   
182710   
182711   
182712   
182713   
182714   
182715   
182716   
182717   
182718   
182719   
182720   
182721   
182722   
182723   
182724   
182725   
182726   
182727   
182728   
182729   
182730   
182731   
182732   
182733   
182734   
182735   
182736   
182737   
182738   
182739   
182740   
182741   
182742   
182743   
182744   
182745   
182746   
182747   
182748   
182749   
182750   
182751   
182752   
182753   
182754   
182755   
182756   
182757   
182758   
182759   
182800   
182801   
182802   
182803   
182804   
182805   
182806   
182807   
182808   
182809   
182810   
182811   
182812   
182813   
182814   
182815   
182816   
182817   
182818   
182819   
182820   
182821   
182822   
182823   
182824   
182825   
182826   
182827   
182828   
182829   
182830   
182831   
182832   
182833   
182834   
182835   
182836   
182837   
182838   
182839   
182840   
182841   
182842   
182843   
182844   
182845   
182846   
182847   
182848   
182849   
182850   
182851   
182852   
182853   
182854   
182855   
182856   
182857   
182858   
182859   
182900   
182901   
182902   
182903   
182904   
182905   
182906   
182907   
182908   
182909   
182910   
182911   
182912   
182913   
182914   
182915   
182916   
182917   
182918   
182919   
182920   
182921   
182922   
182923   
182924   
182925   
182926   
182927   
182928   
182929   
182930   
182931   
182932   
182933   
182934   
182935   
182936   
182937   
182938   
182939   
182940   
182941   
182942   
182943   
182944   
182945   
182946   
182947   
182948   
182949   
182950   
182951   
182952   
182953   
182954   
182955   
182956   
182957   
182958   
182959   
183000   
183001   
183002   
183003   
183004   
183005   
183006   
183007   
183008   
183009   
183010   
183011   
183012   
183013   
183014   
183015   
183016   
183017   
183018   
183019   
183020   
183021   
183022   
183023   
183024   
183025   
183026   
183027   
183028   
183029   
183030   
183031   
183032   
183033   
183034   
183035   
183036   
183037   
183038   
183039   
183040   
183041   
183042   
183043   
183044   
183045   
183046   
183047   
183048   
183049   
183050   
183051   
183052   
183053   
183054   
183055   
183056   
183057   
183058   
183059   
183100   
183101   
183102   
183103   
183104   
183105   
183106   
183107   
183108   
183109   
183110   
183111   
183112   
183113   
183114   
183115   
183116   
183117   
183118   
183119   
183120   
183121   
183122   
183123   
183124   
183125   
183126   
183127   
183128   
183129   
183130   
183131   
183132   
183133   
183134   
183135   
183136   
183137   
183138   
183139   
183140   
183141   
183142   
183143   
183144   
183145   
183146   
183147   
183148   
183149   
183150   
183151   
183152   
183153   
183154   
183155   
183156   
183157   
183158   
183159   
183200   
183201   
183202   
183203   
183204   
183205   
183206   
183207   
183208   
183209   
183210   
183211   
183212   
183213   
183214   
183215   
183216   
183217   
183218   
183219   
183220   
183221   
183222   
183223   
183224   
183225   
183226   
183227   
183228   
183229   
183230   
183231   
183232   
183233   
183234   
183235   
183236   
183237   
183238   
183239   
183240   
183241   
183242   
183243   
183244   
183245   
183246   
183247   
183248   
183249   
183250   
183251   
183252   
183253   
183254   
183255   
183256   
183257   
183258   
183259   
183300   
183301   
183302   
183303   
183304   
183305   
183306   
183307   
183308   
183309   
183310   
183311   
183312   
183313   
183314   
183315   
183316   
183317   
183318   
183319   
183320   
183321   
183322   
183323   
183324   
183325   
183326   
183327   
183328   
183329   
183330   
183331   
183332   
183333   
183334   
183335   
183336   
183337   
183338   
183339   
183340   
183341   
183342   
183343   
183344   
183345   
183346   
183347   
183348   
183349   
183350   
183351   
183352   
183353   
183354   
183355   
183356   
183357   
183358   
183359   
183400   
183401   
183402   
183403   
183404   
183405   
183406   
183407   
183408   
183409   
183410   
183411   
183412   
183413   
183414   
183415   
183416   
183417   
183418   
183419   
183420   
183421   
183422   
183423   
183424   
183425   
183426   
183427   
183428   
183429   
183430   
183431   
183432   
183433   
183434   
183435   
183436   
183437   
183438   
183439   
183440   
183441   
183442   
183443   
183444   
183445   
183446   
183447   
183448   
183449   
183450   
183451   
183452   
183453   
183454   
183455   
183456   
183457   
183458   
183459   
183500   
183501   
183502   
183503   
183504   
183505   
183506   
183507   
183508   
183509   
183510   
183511   
183512   
183513   
183514   
183515   
183516   
183517   
183518   
183519   
183520   
183521   
183522   
183523   
183524   
183525   
183526   
183527   
183528   
183529   
183530   
183531   
183532   
183533   
183534   
183535   
183536   
183537   
183538   
183539   
183540   
183541   
183542   
183543   
183544   
183545   
183546   
183547   
183548   
183549   
183550   
183551   
183552   
183553   
183554   
183555   
183556   
183557   
183558   
183559   
183600   
183601   
183602   
183603   
183604   
183605   
183606   
183607   
183608   
183609   
183610   
183611   
183612   
183613   
183614   
183615   
183616   
183617   
183618   
183619   
183620   
183621   
183622   
183623   
183624   
183625   
183626   
183627   
183628   
183629   
183630   
183631   
183632   
183633   
183634   
183635   
183636   
183637   
183638   
183639   
183640   
183641   
183642   
183643   
183644   
183645   
183646   
183647   
183648   
183649   
183650   
183651   
183652   
183653   
183654   
183655   
183656   
183657   
183658   
183659   
183700   
183701   
183702   
183703   
183704   
183705   
183706   
183707   
183708   
183709   
183710   
183711   
183712   
183713   
183714   
183715   
183716   
183717   
183718   
183719   
183720   
183721   
183722   
183723   
183724   
183725   
183726   
183727   
183728   
183729   
183730   
183731   
183732   
183733   
183734   
183735   
183736   
183737   
183738   
183739   
183740   
183741   
183742   
183743   
183744   
183745   
183746   
183747   
183748   
183749   
183750   
183751   
183752   
183753   
183754   
183755   
183756   
183757   
183758   
183759   
183800   
183801   
183802   
183803   
183804   
183805   
183806   
183807   
183808   
183809   
183810   
183811   
183812   
183813   
183814   
183815   
183816   
183817   
183818   
183819   
183820   
183821   
183822   
183823   
183824   
183825   
183826   
183827   
183828   
183829   
183830   
183831   
183832   
183833   
183834   
183835   
183836   
183837   
183838   
183839   
183840   
183841   
183842   
183843   
183844   
183845   
183846   
183847   
183848   
183849   
183850   
183851   
183852   
183853   
183854   
183855   
183856   
183857   
183858   
183859   
183900   
183901   
183902   
183903   
183904   
183905   
183906   
183907   
183908   
183909   
183910   
183911   
183912   
183913   
183914   
183915   
183916   
183917   
183918   
183919   
183920   
183921   
183922   
183923   
183924   
183925   
183926   
183927   
183928   
183929   
183930   
183931   
183932   
183933   
183934   
183935   
183936   
183937   
183938   
183939   
183940   
183941   
183942   
183943   
183944   
183945   
183946   
183947   
183948   
183949   
183950   
183951   
183952   
183953   
183954   
183955   
183956   
183957   
183958   
183959   
184000   
184001   
184002   
184003   
184004   
184005   
184006   
184007   
184008   
184009   
184010   
184011   
184012   
184013   
184014   
184015   
184016   
184017   
184018   
184019   
184020   
184021   
184022   
184023   
184024   
184025   
184026   
184027   
184028   
184029   
184030   
184031   
184032   
184033   
184034   
184035   
184036   
184037   
184038   
184039   
184040   
184041   
184042   
184043   
184044   
184045   
184046   
184047   
184048   
184049   
184050   
184051   
184052   
184053   
184054   
184055   
184056   
184057   
184058   
184059   
184100   
184101   
184102   
184103   
184104   
184105   
184106   
184107   
184108   
184109   
184110   
184111   
184112   
184113   
184114   
184115   
184116   
184117   
184118   
184119   
184120   
184121   
184122   
184123   
184124   
184125   
184126   
184127   
184128   
184129   
184130   
184131   
184132   
184133   
184134   
184135   
184136   
184137   
184138   
184139   
184140   
184141   
184142   
184143   
184144   
184145   
184146   
184147   
184148   
184149   
184150   
184151   
184152   
184153   
184154   
184155   
184156   
184157   
184158   
184159   
184200   
184201   
184202   
184203   
184204   
184205   
184206   
184207   
184208   
184209   
184210   
184211   
184212   
184213   
184214   
184215   
184216   
184217   
184218   
184219   
184220   
184221   
184222   
184223   
184224   
184225   
184226   
184227   
184228   
184229   
184230   
184231   
184232   
184233   
184234   
184235   
184236   
184237   
184238   
184239   
184240   
184241   
184242   
184243   
184244   
184245   
184246   
184247   
184248   
184249   
184250   
184251   
184252   
184253   
184254   
184255   
184256   
184257   
184258   
184259   
184300   
184301   
184302   
184303   
184304   
184305   
184306   
184307   
184308   
184309   
184310   
184311   
184312   
184313   
184314   
184315   
184316   
184317   
184318   
184319   
184320   
184321   
184322   
184323   
184324   
184325   
184326   
184327   
184328   
184329   
184330   
184331   
184332   
184333   
184334   
184335   
184336   
184337   
184338   
184339   
184340   
184341   
184342   
184343   
184344   
184345   
184346   
184347   
184348   
184349   
184350   
184351   
184352   
184353   
184354   
184355   
184356   
184357   
184358   
184359   
184400   
184401   
184402   
184403   
184404   
184405   
184406   
184407   
184408   
184409   
184410   
184411   
184412   
184413   
184414   
184415   
184416   
184417   
184418   
184419   
184420   
184421   
184422   
184423   
184424   
184425   
184426   
184427   
184428   
184429   
184430   
184431   
184432   
184433   
184434   
184435   
184436   
184437   
184438   
184439   
184440   
184441   
184442   
184443   
184444   
184445   
184446   
184447   
184448   
184449   
184450   
184451   
184452   
184453   
184454   
184455   
184456   
184457   
184458   
184459   
184500   
184501   
184502   
184503   
184504   
184505   
184506   
184507   
184508   
184509   
184510   
184511   
184512   
184513   
184514   
184515   
184516   
184517   
184518   
184519   
184520   
184521   
184522   
184523   
184524   
184525   
184526   
184527   
184528   
184529   
184530   
184531   
184532   
184533   
184534   
184535   
184536   
184537   
184538   
184539   
184540   
184541   
184542   
184543   
184544   
184545   
184546   
184547   
184548   
184549   
184550   
184551   
184552   
184553   
184554   
184555   
184556   
184557   
184558   
184559   
184600   
184601   
184602   
184603   
184604   
184605   
184606   
184607   
184608   
184609   
184610   
184611   
184612   
184613   
184614   
184615   
184616   
184617   
184618   
184619   
184620   
184621   
184622   
184623   
184624   
184625   
184626   
184627   
184628   
184629   
184630   
184631   
184632   
184633   
184634   
184635   
184636   
184637   
184638   
184639   
184640   
184641   
184642   
184643   
184644   
184645   
184646   
184647   
184648   
184649   
184650   
184651   
184652   
184653   
184654   
184655   
184656   
184657   
184658   
184659   
184700   
184701   
184702   
184703   
184704   
184705   
184706   
184707   
184708   
184709   
184710   
184711   
184712   
184713   
184714   
184715   
184716   
184717   
184718   
184719   
184720   
184721   
184722   
184723   
184724   
184725   
184726   
184727   
184728   
184729   
184730   
184731   
184732   
184733   
184734   
184735   
184736   
184737   
184738   
184739   
184740   
184741   
184742   
184743   
184744   
184745   
184746   
184747   
184748   
184749   
184750   
184751   
184752   
184753   
184754   
184755   
184756   
184757   
184758   
184759   
184800   
184801   
184802   
184803   
184804   
184805   
184806   
184807   
184808   
184809   
184810   
184811   
184812   
184813   
184814   
184815   
184816   
184817   
184818   
184819   
184820   
184821   
184822   
184823   
184824   
184825   
184826   
184827   
184828   
184829   
184830   
184831   
184832   
184833   
184834   
184835   
184836   
184837   
184838   
184839   
184840   
184841   
184842   
184843   
184844   
184845   
184846   
184847   
184848   
184849   
184850   
184851   
184852   
184853   
184854   
184855   
184856   
184857   
184858   
184859   
184900   
184901   
184902   
184903   
184904   
184905   
184906   
184907   
184908   
184909   
184910   
184911   
184912   
184913   
184914   
184915   
184916   
184917   
184918   
184919   
184920   
184921   
184922   
184923   
184924   
184925   
184926   
184927   
184928   
184929   
184930   
184931   
184932   
184933   
184934   
184935   
184936   
184937   
184938   
184939   
184940   
184941   
184942   
184943   
184944   
184945   
184946   
184947   
184948   
184949   
184950   
184951   
184952   
184953   
184954   
184955   
184956   
184957   
184958   
184959   
185000   
185001   
185002   
185003   
185004   
185005   
185006   
185007   
185008   
185009   
185010   
185011   
185012   
185013   
185014   
185015   
185016   
185017   
185018   
185019   
185020   
185021   
185022   
185023   
185024   
185025   
185026   
185027   
185028   
185029   
185030   
185031   
185032   
185033   
185034   
185035   
185036   
185037   
185038   
185039   
185040   
185041   
185042   
185043   
185044   
185045   
185046   
185047   
185048   
185049   
185050   
185051   
185052   
185053   
185054   
185055   
185056   
185057   
185058   
185059   
185100   
185101   
185102   
185103   
185104   
185105   
185106   
185107   
185108   
185109   
185110   
185111   
185112   
185113   
185114   
185115   
185116   
185117   
185118   
185119   
185120   
185121   
185122   
185123   
185124   
185125   
185126   
185127   
185128   
185129   
185130   
185131   
185132   
185133   
185134   
185135   
185136   
185137   
185138   
185139   
185140   
185141   
185142   
185143   
185144   
185145   
185146   
185147   
185148   
185149   
185150   
185151   
185152   
185153   
185154   
185155   
185156   
185157   
185158   
185159   
185200   
185201   
185202   
185203   
185204   
185205   
185206   
185207   
185208   
185209   
185210   
185211   
185212   
185213   
185214   
185215   
185216   
185217   
185218   
185219   
185220   
185221   
185222   
185223   
185224   
185225   
185226   
185227   
185228   
185229   
185230   
185231   
185232   
185233   
185234   
185235   
185236   
185237   
185238   
185239   
185240   
185241   
185242   
185243   
185244   
185245   
185246   
185247   
185248   
185249   
185250   
185251   
185252   
185253   
185254   
185255   
185256   
185257   
185258   
185259   
185300   
185301   
185302   
185303   
185304   
185305   
185306   
185307   
185308   
185309   
185310   
185311   
185312   
185313   
185314   
185315   
185316   
185317   
185318   
185319   
185320   
185321   
185322   
185323   
185324   
185325   
185326   
185327   
185328   
185329   
185330   
185331   
185332   
185333   
185334   
185335   
185336   
185337   
185338   
185339   
185340   
185341   
185342   
185343   
185344   
185345   
185346   
185347   
185348   
185349   
185350   
185351   
185352   
185353   
185354   
185355   
185356   
185357   
185358   
185359   
185400   
185401   
185402   
185403   
185404   
185405   
185406   
185407   
185408   
185409   
185410   
185411   
185412   
185413   
185414   
185415   
185416   
185417   
185418   
185419   
185420   
185421   
185422   
185423   
185424   
185425   
185426   
185427   
185428   
185429   
185430   
185431   
185432   
185433   
185434   
185435   
185436   
185437   
185438   
185439   
185440   
185441   
185442   
185443   
185444   
185445   
185446   
185447   
185448   
185449   
185450   
185451   
185452   
185453   
185454   
185455   
185456   
185457   
185458   
185459   
185500   
185501   
185502   
185503   
185504   
185505   
185506   
185507   
185508   
185509   
185510   
185511   
185512   
185513   
185514   
185515   
185516   
185517   
185518   
185519   
185520   
185521   
185522   
185523   
185524   
185525   
185526   
185527   
185528   
185529   
185530   
185531   
185532   
185533   
185534   
185535   
185536   
185537   
185538   
185539   
185540   
185541   
185542   
185543   
185544   
185545   
185546   
185547   
185548   
185549   
185550   
185551   
185552   
185553   
185554   
185555   
185556   
185557   
185558   
185559   
185600   
185601   
185602   
185603   
185604   
185605   
185606   
185607   
185608   
185609   
185610   
185611   
185612   
185613   
185614   
185615   
185616   
185617   
185618   
185619   
185620   
185621   
185622   
185623   
185624   
185625   
185626   
185627   
185628   
185629   
185630   
185631   
185632   
185633   
185634   
185635   
185636   
185637   
185638   
185639   
185640   
185641   
185642   
185643   
185644   
185645   
185646   
185647   
185648   
185649   
185650   
185651   
185652   
185653   
185654   
185655   
185656   
185657   
185658   
185659   
185700   
185701   
185702   
185703   
185704   
185705   
185706   
185707   
185708   
185709   
185710   
185711   
185712   
185713   
185714   
185715   
185716   
185717   
185718   
185719   
185720   
185721   
185722   
185723   
185724   
185725   
185726   
185727   
185728   
185729   
185730   
185731   
185732   
185733   
185734   
185735   
185736   
185737   
185738   
185739   
185740   
185741   
185742   
185743   
185744   
185745   
185746   
185747   
185748   
185749   
185750   
185751   
185752   
185753   
185754   
185755   
185756   
185757   
185758   
185759   
185800   
185801   
185802   
185803   
185804   
185805   
185806   
185807   
185808   
185809   
185810   
185811   
185812   
185813   
185814   
185815   
185816   
185817   
185818   
185819   
185820   
185821   
185822   
185823   
185824   
185825   
185826   
185827   
185828   
185829   
185830   
185831   
185832   
185833   
185834   
185835   
185836   
185837   
185838   
185839   
185840   
185841   
185842   
185843   
185844   
185845   
185846   
185847   
185848   
185849   
185850   
185851   
185852   
185853   
185854   
185855   
185856   
185857   
185858   
185859   
185900   
185901   
185902   
185903   
185904   
185905   
185906   
185907   
185908   
185909   
185910   
185911   
185912   
185913   
185914   
185915   
185916   
185917   
185918   
185919   
185920   
185921   
185922   
185923   
185924   
185925   
185926   
185927   
185928   
185929   
185930   
185931   
185932   
185933   
185934   
185935   
185936   
185937   
185938   
185939   
185940   
185941   
185942   
185943   
185944   
185945   
185946   
185947   
185948   
185949   
185950   
185951   
185952   
185953   
185954   
185955   
185956   
185957   
185958   
185959   
