190000   
190001   
190002   
190003   
190004   
190005   
190006   
190007   
190008   
190009   
190010   
190011   
190012   
190013   
190014   
190015   
190016   
190017   
190018   
190019   
190020   
190021   
190022   
190023   
190024   
190025   
190026   
190027   
190028   
190029   
190030   
190031   
190032   
190033   
190034   
190035   
190036   
190037   
190038   
190039   
190040   
190041   
190042   
190043   
190044   
190045   
190046   
190047   
190048   
190049   
190050   
190051   
190052   
190053   
190054   
190055   
190056   
190057   
190058   
190059   
190100   
190101   
190102   
190103   
190104   
190105   
190106   
190107   
190108   
190109   
190110   
190111   
190112   
190113   
190114   
190115   
190116   
190117   
190118   
190119   
190120   
190121   
190122   
190123   
190124   
190125   
190126   
190127   
190128   
190129   
190130   
190131   
190132   
190133   
190134   
190135   
190136   
190137   
190138   
190139   
190140   
190141   
190142   
190143   
190144   
190145   
190146   
190147   
190148   
190149   
190150   
190151   
190152   
190153   
190154   
190155   
190156   
190157   
190158   
190159   
190200   
190201   
190202   
190203   
190204   
190205   
190206   
190207   
190208   
190209   
190210   
190211   
190212   
190213   
190214   
190215   
190216   
190217   
190218   
190219   
190220   
190221   
190222   
190223   
190224   
190225   
190226   
190227   
190228   
190229   
190230   
190231   
190232   
190233   
190234   
190235   
190236   
190237   
190238   
190239   
190240   
190241   
190242   
190243   
190244   
190245   
190246   
190247   
190248   
190249   
190250   
190251   
190252   
190253   
190254   
190255   
190256   
190257   
190258   
190259   
190300   
190301   
190302   
190303   
190304   
190305   
190306   
190307   
190308   
190309   
190310   
190311   
190312   
190313   
190314   
190315   
190316   
190317   
190318   
190319   
190320   
190321   
190322   
190323   
190324   
190325   
190326   
190327   
190328   
190329   
190330   
190331   
190332   
190333   
190334   
190335   
190336   
190337   
190338   
190339   
190340   
190341   
190342   
190343   
190344   
190345   
190346   
190347   
190348   
190349   
190350   
190351   
190352   
190353   
190354   
190355   
190356   
190357   
190358   
190359   
190400   
190401   
190402   
190403   
190404   
190405   
190406   
190407   
190408   
190409   
190410   
190411   
190412   
190413   
190414   
190415   
190416   
190417   
190418   
190419   
190420   
190421   
190422   
190423   
190424   
190425   
190426   
190427   
190428   
190429   
190430   
190431   
190432   
190433   
190434   
190435   
190436   
190437   
190438   
190439   
190440   
190441   
190442   
190443   
190444   
190445   
190446   
190447   
190448   
190449   
190450   
190451   
190452   
190453   
190454   
190455   
190456   
190457   
190458   
190459   
190500   
190501   
190502   
190503   
190504   
190505   
190506   
190507   
190508   
190509   
190510   
190511   
190512   
190513   
190514   
190515   
190516   
190517   
190518   
190519   
190520   
190521   
190522   
190523   
190524   
190525   
190526   
190527   
190528   
190529   
190530   
190531   
190532   
190533   
190534   
190535   
190536   
190537   
190538   
190539   
190540   
190541   
190542   
190543   
190544   
190545   
190546   
190547   
190548   
190549   
190550   
190551   
190552   
190553   
190554   
190555   
190556   
190557   
190558   
190559   
190600   
190601   
190602   
190603   
190604   
190605   
190606   
190607   
190608   
190609   
190610   
190611   
190612   
190613   
190614   
190615   
190616   
190617   
190618   
190619   
190620   
190621   
190622   
190623   
190624   
190625   
190626   
190627   
190628   
190629   
190630   
190631   
190632   
190633   
190634   
190635   
190636   
190637   
190638   
190639   
190640   
190641   
190642   
190643   
190644   
190645   
190646   
190647   
190648   
190649   
190650   
190651   
190652   
190653   
190654   
190655   
190656   
190657   
190658   
190659   
190700   
190701   
190702   
190703   
190704   
190705   
190706   
190707   
190708   
190709   
190710   
190711   
190712   
190713   
190714   
190715   
190716   
190717   
190718   
190719   
190720   
190721   
190722   
190723   
190724   
190725   
190726   
190727   
190728   
190729   
190730   
190731   
190732   
190733   
190734   
190735   
190736   
190737   
190738   
190739   
190740   
190741   
190742   
190743   
190744   
190745   
190746   
190747   
190748   
190749   
190750   
190751   
190752   
190753   
190754   
190755   
190756   
190757   
190758   
190759   
190800   
190801   
190802   
190803   
190804   
190805   
190806   
190807   
190808   
190809   
190810   
190811   
190812   
190813   
190814   
190815   
190816   
190817   
190818   
190819   
190820   
190821   
190822   
190823   
190824   
190825   
190826   
190827   
190828   
190829   
190830   
190831   
190832   
190833   
190834   
190835   
190836   
190837   
190838   
190839   
190840   
190841   
190842   
190843   
190844   
190845   
190846   
190847   
190848   
190849   
190850   
190851   
190852   
190853   
190854   
190855   
190856   
190857   
190858   
190859   
190900   
190901   
190902   
190903   
190904   
190905   
190906   
190907   
190908   
190909   
190910   
190911   
190912   
190913   
190914   
190915   
190916   
190917   
190918   
190919   
190920   
190921   
190922   
190923   
190924   
190925   
190926   
190927   
190928   
190929   
190930   
190931   
190932   
190933   
190934   
190935   
190936   
190937   
190938   
190939   
190940   
190941   
190942   
190943   
190944   
190945   
190946   
190947   
190948   
190949   
190950   
190951   
190952   
190953   
190954   
190955   
190956   
190957   
190958   
190959   
191000   
191001   
191002   
191003   
191004   
191005   
191006   
191007   
191008   
191009   
191010   
191011   
191012   
191013   
191014   
191015   
191016   
191017   
191018   
191019   
191020   
191021   
191022   
191023   
191024   
191025   
191026   
191027   
191028   
191029   
191030   
191031   
191032   
191033   
191034   
191035   
191036   
191037   
191038   
191039   
191040   
191041   
191042   
191043   
191044   
191045   
191046   
191047   
191048   
191049   
191050   
191051   
191052   
191053   
191054   
191055   
191056   
191057   
191058   
191059   
191100   
191101   
191102   
191103   
191104   
191105   
191106   
191107   
191108   
191109   
191110   
191111   
191112   
191113   
191114   
191115   
191116   
191117   
191118   
191119   
191120   
191121   
191122   
191123   
191124   
191125   
191126   
191127   
191128   
191129   
191130   
191131   
191132   
191133   
191134   
191135   
191136   
191137   
191138   
191139   
191140   
191141   
191142   
191143   
191144   
191145   
191146   
191147   
191148   
191149   
191150   
191151   
191152   
191153   
191154   
191155   
191156   
191157   
191158   
191159   
191200   
191201   
191202   
191203   
191204   
191205   
191206   
191207   
191208   
191209   
191210   
191211   
191212   
191213   
191214   
191215   
191216   
191217   
191218   
191219   
191220   
191221   
191222   
191223   
191224   
191225   
191226   
191227   
191228   
191229   
191230   
191231   
191232   
191233   
191234   
191235   
191236   
191237   
191238   
191239   
191240   
191241   
191242   
191243   
191244   
191245   
191246   
191247   
191248   
191249   
191250   
191251   
191252   
191253   
191254   
191255   
191256   
191257   
191258   
191259   
191300   
191301   
191302   
191303   
191304   
191305   
191306   
191307   
191308   
191309   
191310   
191311   
191312   
191313   
191314   
191315   
191316   
191317   
191318   
191319   
191320   
191321   
191322   
191323   
191324   
191325   
191326   
191327   
191328   
191329   
191330   
191331   
191332   
191333   
191334   
191335   
191336   
191337   
191338   
191339   
191340   
191341   
191342   
191343   
191344   
191345   
191346   
191347   
191348   
191349   
191350   
191351   
191352   
191353   
191354   
191355   
191356   
191357   
191358   
191359   
191400   
191401   
191402   
191403   
191404   
191405   
191406   
191407   
191408   
191409   
191410   
191411   
191412   
191413   
191414   
191415   
191416   
191417   
191418   
191419   
191420   
191421   
191422   
191423   
191424   
191425   
191426   
191427   
191428   
191429   
191430   
191431   
191432   
191433   
191434   
191435   
191436   
191437   
191438   
191439   
191440   
191441   
191442   
191443   
191444   
191445   
191446   
191447   
191448   
191449   
191450   
191451   
191452   
191453   
191454   
191455   
191456   
191457   
191458   
191459   
191500   
191501   
191502   
191503   
191504   
191505   
191506   
191507   
191508   
191509   
191510   
191511   
191512   
191513   
191514   
191515   
191516   
191517   
191518   
191519   
191520   
191521   
191522   
191523   
191524   
191525   
191526   
191527   
191528   
191529   
191530   
191531   
191532   
191533   
191534   
191535   
191536   
191537   
191538   
191539   
191540   
191541   
191542   
191543   
191544   
191545   
191546   
191547   
191548   
191549   
191550   
191551   
191552   
191553   
191554   
191555   
191556   
191557   
191558   
191559   
191600   
191601   
191602   
191603   
191604   
191605   
191606   
191607   
191608   
191609   
191610   
191611   
191612   
191613   
191614   
191615   
191616   
191617   
191618   
191619   
191620   
191621   
191622   
191623   
191624   
191625   
191626   
191627   
191628   
191629   
191630   
191631   
191632   
191633   
191634   
191635   
191636   
191637   
191638   
191639   
191640   
191641   
191642   
191643   
191644   
191645   
191646   
191647   
191648   
191649   
191650   
191651   
191652   
191653   
191654   
191655   
191656   
191657   
191658   
191659   
191700   
191701   
191702   
191703   
191704   
191705   
191706   
191707   
191708   
191709   
191710   
191711   
191712   
191713   
191714   
191715   
191716   
191717   
191718   
191719   
191720   
191721   
191722   
191723   
191724   
191725   
191726   
191727   
191728   
191729   
191730   
191731   
191732   
191733   
191734   
191735   
191736   
191737   
191738   
191739   
191740   
191741   
191742   
191743   
191744   
191745   
191746   
191747   
191748   
191749   
191750   
191751   
191752   
191753   
191754   
191755   
191756   
191757   
191758   
191759   
191800   
191801   
191802   
191803   
191804   
191805   
191806   
191807   
191808   
191809   
191810   
191811   
191812   
191813   
191814   
191815   
191816   
191817   
191818   
191819   
191820   
191821   
191822   
191823   
191824   
191825   
191826   
191827   
191828   
191829   
191830   
191831   
191832   
191833   
191834   
191835   
191836   
191837   
191838   
191839   
191840   
191841   
191842   
191843   
191844   
191845   
191846   
191847   
191848   
191849   
191850   
191851   
191852   
191853   
191854   
191855   
191856   
191857   
191858   
191859   
191900   
191901   
191902   
191903   
191904   
191905   
191906   
191907   
191908   
191909   
191910   
191911   
191912   
191913   
191914   
191915   
191916   
191917   
191918   
191919   
191920   
191921   
191922   
191923   
191924   
191925   
191926   
191927   
191928   
191929   
191930   
191931   
191932   
191933   
191934   
191935   
191936   
191937   
191938   
191939   
191940   
191941   
191942   
191943   
191944   
191945   
191946   
191947   
191948   
191949   
191950   
191951   
191952   
191953   
191954   
191955   
191956   
191957   
191958   
191959   
192000   
192001   
192002   
192003   
192004   
192005   
192006   
192007   
192008   
192009   
192010   
192011   
192012   
192013   
192014   
192015   
192016   
192017   
192018   
192019   
192020   
192021   
192022   
192023   
192024   
192025   
192026   
192027   
192028   
192029   
192030   
192031   
192032   
192033   
192034   
192035   
192036   
192037   
192038   
192039   
192040   
192041   
192042   
192043   
192044   
192045   
192046   
192047   
192048   
192049   
192050   
192051   
192052   
192053   
192054   
192055   
192056   
192057   
192058   
192059   
192100   
192101   
192102   
192103   
192104   
192105   
192106   
192107   
192108   
192109   
192110   
192111   
192112   
192113   
192114   
192115   
192116   
192117   
192118   
192119   
192120   
192121   
192122   
192123   
192124   
192125   
192126   
192127   
192128   
192129   
192130   
192131   
192132   
192133   
192134   
192135   
192136   
192137   
192138   
192139   
192140   
192141   
192142   
192143   
192144   
192145   
192146   
192147   
192148   
192149   
192150   
192151   
192152   
192153   
192154   
192155   
192156   
192157   
192158   
192159   
192200   
192201   
192202   
192203   
192204   
192205   
192206   
192207   
192208   
192209   
192210   
192211   
192212   
192213   
192214   
192215   
192216   
192217   
192218   
192219   
192220   
192221   
192222   
192223   
192224   
192225   
192226   
192227   
192228   
192229   
192230   
192231   
192232   
192233   
192234   
192235   
192236   
192237   
192238   
192239   
192240   
192241   
192242   
192243   
192244   
192245   
192246   
192247   
192248   
192249   
192250   
192251   
192252   
192253   
192254   
192255   
192256   
192257   
192258   
192259   
192300   
192301   
192302   
192303   
192304   
192305   
192306   
192307   
192308   
192309   
192310   
192311   
192312   
192313   
192314   
192315   
192316   
192317   
192318   
192319   
192320   
192321   
192322   
192323   
192324   
192325   
192326   
192327   
192328   
192329   
192330   
192331   
192332   
192333   
192334   
192335   
192336   
192337   
192338   
192339   
192340   
192341   
192342   
192343   
192344   
192345   
192346   
192347   
192348   
192349   
192350   
192351   
192352   
192353   
192354   
192355   
192356   
192357   
192358   
192359   
192400   
192401   
192402   
192403   
192404   
192405   
192406   
192407   
192408   
192409   
192410   
192411   
192412   
192413   
192414   
192415   
192416   
192417   
192418   
192419   
192420   
192421   
192422   
192423   
192424   
192425   
192426   
192427   
192428   
192429   
192430   
192431   
192432   
192433   
192434   
192435   
192436   
192437   
192438   
192439   
192440   
192441   
192442   
192443   
192444   
192445   
192446   
192447   
192448   
192449   
192450   
192451   
192452   
192453   
192454   
192455   
192456   
192457   
192458   
192459   
192500   
192501   
192502   
192503   
192504   
192505   
192506   
192507   
192508   
192509   
192510   
192511   
192512   
192513   
192514   
192515   
192516   
192517   
192518   
192519   
192520   
192521   
192522   
192523   
192524   
192525   
192526   
192527   
192528   
192529   
192530   
192531   
192532   
192533   
192534   
192535   
192536   
192537   
192538   
192539   
192540   
192541   
192542   
192543   
192544   
192545   
192546   
192547   
192548   
192549   
192550   
192551   
192552   
192553   
192554   
192555   
192556   
192557   
192558   
192559   
192600   
192601   
192602   
192603   
192604   
192605   
192606   
192607   
192608   
192609   
192610   
192611   
192612   
192613   
192614   
192615   
192616   
192617   
192618   
192619   
192620   
192621   
192622   
192623   
192624   
192625   
192626   
192627   
192628   
192629   
192630   
192631   
192632   
192633   
192634   
192635   
192636   
192637   
192638   
192639   
192640   
192641   
192642   
192643   
192644   
192645   
192646   
192647   
192648   
192649   
192650   
192651   
192652   
192653   
192654   
192655   
192656   
192657   
192658   
192659   
192700   
192701   
192702   
192703   
192704   
192705   
192706   
192707   
192708   
192709   
192710   
192711   
192712   
192713   
192714   
192715   
192716   
192717   
192718   
192719   
192720   
192721   
192722   
192723   
192724   
192725   
192726   
192727   
192728   
192729   
192730   
192731   
192732   
192733   
192734   
192735   
192736   
192737   
192738   
192739   
192740   
192741   
192742   
192743   
192744   
192745   
192746   
192747   
192748   
192749   
192750   
192751   
192752   
192753   
192754   
192755   
192756   
192757   
192758   
192759   
192800   
192801   
192802   
192803   
192804   
192805   
192806   
192807   
192808   
192809   
192810   
192811   
192812   
192813   
192814   
192815   
192816   
192817   
192818   
192819   
192820   
192821   
192822   
192823   
192824   
192825   
192826   
192827   
192828   
192829   
192830   
192831   
192832   
192833   
192834   
192835   
192836   
192837   
192838   
192839   
192840   
192841   
192842   
192843   
192844   
192845   
192846   
192847   
192848   
192849   
192850   
192851   
192852   
192853   
192854   
192855   
192856   
192857   
192858   
192859   
192900   
192901   
192902   
192903   
192904   
192905   
192906   
192907   
192908   
192909   
192910   
192911   
192912   
192913   
192914   
192915   
192916   
192917   
192918   
192919   
192920   
192921   
192922   
192923   
192924   
192925   
192926   
192927   
192928   
192929   
192930   
192931   
192932   
192933   
192934   
192935   
192936   
192937   
192938   
192939   
192940   
192941   
192942   
192943   
192944   
192945   
192946   
192947   
192948   
192949   
192950   
192951   
192952   
192953   
192954   
192955   
192956   
192957   
192958   
192959   
193000   
193001   
193002   
193003   
193004   
193005   
193006   
193007   
193008   
193009   
193010   
193011   
193012   
193013   
193014   
193015   
193016   
193017   
193018   
193019   
193020   
193021   
193022   
193023   
193024   
193025   
193026   
193027   
193028   
193029   
193030   
193031   
193032   
193033   
193034   
193035   
193036   
193037   
193038   
193039   
193040   
193041   
193042   
193043   
193044   
193045   
193046   
193047   
193048   
193049   
193050   
193051   
193052   
193053   
193054   
193055   
193056   
193057   
193058   
193059   
193100   
193101   
193102   
193103   
193104   
193105   
193106   
193107   
193108   
193109   
193110   
193111   
193112   
193113   
193114   
193115   
193116   
193117   
193118   
193119   
193120   
193121   
193122   
193123   
193124   
193125   
193126   
193127   
193128   
193129   
193130   
193131   
193132   
193133   
193134   
193135   
193136   
193137   
193138   
193139   
193140   
193141   
193142   
193143   
193144   
193145   
193146   
193147   
193148   
193149   
193150   
193151   
193152   
193153   
193154   
193155   
193156   
193157   
193158   
193159   
193200   
193201   
193202   
193203   
193204   
193205   
193206   
193207   
193208   
193209   
193210   
193211   
193212   
193213   
193214   
193215   
193216   
193217   
193218   
193219   
193220   
193221   
193222   
193223   
193224   
193225   
193226   
193227   
193228   
193229   
193230   
193231   
193232   
193233   
193234   
193235   
193236   
193237   
193238   
193239   
193240   
193241   
193242   
193243   
193244   
193245   
193246   
193247   
193248   
193249   
193250   
193251   
193252   
193253   
193254   
193255   
193256   
193257   
193258   
193259   
193300   
193301   
193302   
193303   
193304   
193305   
193306   
193307   
193308   
193309   
193310   
193311   
193312   
193313   
193314   
193315   
193316   
193317   
193318   
193319   
193320   
193321   
193322   
193323   
193324   
193325   
193326   
193327   
193328   
193329   
193330   
193331   
193332   
193333   
193334   
193335   
193336   
193337   
193338   
193339   
193340   
193341   
193342   
193343   
193344   
193345   
193346   
193347   
193348   
193349   
193350   
193351   
193352   
193353   
193354   
193355   
193356   
193357   
193358   
193359   
193400   
193401   
193402   
193403   
193404   
193405   
193406   
193407   
193408   
193409   
193410   
193411   
193412   
193413   
193414   
193415   
193416   
193417   
193418   
193419   
193420   
193421   
193422   
193423   
193424   
193425   
193426   
193427   
193428   
193429   
193430   
193431   
193432   
193433   
193434   
193435   
193436   
193437   
193438   
193439   
193440   
193441   
193442   
193443   
193444   
193445   
193446   
193447   
193448   
193449   
193450   
193451   
193452   
193453   
193454   
193455   
193456   
193457   
193458   
193459   
193500   
193501   
193502   
193503   
193504   
193505   
193506   
193507   
193508   
193509   
193510   
193511   
193512   
193513   
193514   
193515   
193516   
193517   
193518   
193519   
193520   
193521   
193522   
193523   
193524   
193525   
193526   
193527   
193528   
193529   
193530   
193531   
193532   
193533   
193534   
193535   
193536   
193537   
193538   
193539   
193540   
193541   
193542   
193543   
193544   
193545   
193546   
193547   
193548   
193549   
193550   
193551   
193552   
193553   
193554   
193555   
193556   
193557   
193558   
193559   
193600   
193601   
193602   
193603   
193604   
193605   
193606   
193607   
193608   
193609   
193610   
193611   
193612   
193613   
193614   
193615   
193616   
193617   
193618   
193619   
193620   
193621   
193622   
193623   
193624   
193625   
193626   
193627   
193628   
193629   
193630   
193631   
193632   
193633   
193634   
193635   
193636   
193637   
193638   
193639   
193640   
193641   
193642   
193643   
193644   
193645   
193646   
193647   
193648   
193649   
193650   
193651   
193652   
193653   
193654   
193655   
193656   
193657   
193658   
193659   
193700   
193701   
193702   
193703   
193704   
193705   
193706   
193707   
193708   
193709   
193710   
193711   
193712   
193713   
193714   
193715   
193716   
193717   
193718   
193719   
193720   
193721   
193722   
193723   
193724   
193725   
193726   
193727   
193728   
193729   
193730   
193731   
193732   
193733   
193734   
193735   
193736   
193737   
193738   
193739   
193740   
193741   
193742   
193743   
193744   
193745   
193746   
193747   
193748   
193749   
193750   
193751   
193752   
193753   
193754   
193755   
193756   
193757   
193758   
193759   
193800   
193801   
193802   
193803   
193804   
193805   
193806   
193807   
193808   
193809   
193810   
193811   
193812   
193813   
193814   
193815   
193816   
193817   
193818   
193819   
193820   
193821   
193822   
193823   
193824   
193825   
193826   
193827   
193828   
193829   
193830   
193831   
193832   
193833   
193834   
193835   
193836   
193837   
193838   
193839   
193840   
193841   
193842   
193843   
193844   
193845   
193846   
193847   
193848   
193849   
193850   
193851   
193852   
193853   
193854   
193855   
193856   
193857   
193858   
193859   
193900   
193901   
193902   
193903   
193904   
193905   
193906   
193907   
193908   
193909   
193910   
193911   
193912   
193913   
193914   
193915   
193916   
193917   
193918   
193919   
193920   
193921   
193922   
193923   
193924   
193925   
193926   
193927   
193928   
193929   
193930   
193931   
193932   
193933   
193934   
193935   
193936   
193937   
193938   
193939   
193940   
193941   
193942   
193943   
193944   
193945   
193946   
193947   
193948   
193949   
193950   
193951   
193952   
193953   
193954   
193955   
193956   
193957   
193958   
193959   
194000   
194001   
194002   
194003   
194004   
194005   
194006   
194007   
194008   
194009   
194010   
194011   
194012   
194013   
194014   
194015   
194016   
194017   
194018   
194019   
194020   
194021   
194022   
194023   
194024   
194025   
194026   
194027   
194028   
194029   
194030   
194031   
194032   
194033   
194034   
194035   
194036   
194037   
194038   
194039   
194040   
194041   
194042   
194043   
194044   
194045   
194046   
194047   
194048   
194049   
194050   
194051   
194052   
194053   
194054   
194055   
194056   
194057   
194058   
194059   
194100   
194101   
194102   
194103   
194104   
194105   
194106   
194107   
194108   
194109   
194110   
194111   
194112   
194113   
194114   
194115   
194116   
194117   
194118   
194119   
194120   
194121   
194122   
194123   
194124   
194125   
194126   
194127   
194128   
194129   
194130   
194131   
194132   
194133   
194134   
194135   
194136   
194137   
194138   
194139   
194140   
194141   
194142   
194143   
194144   
194145   
194146   
194147   
194148   
194149   
194150   
194151   
194152   
194153   
194154   
194155   
194156   
194157   
194158   
194159   
194200   
194201   
194202   
194203   
194204   
194205   
194206   
194207   
194208   
194209   
194210   
194211   
194212   
194213   
194214   
194215   
194216   
194217   
194218   
194219   
194220   
194221   
194222   
194223   
194224   
194225   
194226   
194227   
194228   
194229   
194230   
194231   
194232   
194233   
194234   
194235   
194236   
194237   
194238   
194239   
194240   
194241   
194242   
194243   
194244   
194245   
194246   
194247   
194248   
194249   
194250   
194251   
194252   
194253   
194254   
194255   
194256   
194257   
194258   
194259   
194300   
194301   
194302   
194303   
194304   
194305   
194306   
194307   
194308   
194309   
194310   
194311   
194312   
194313   
194314   
194315   
194316   
194317   
194318   
194319   
194320   
194321   
194322   
194323   
194324   
194325   
194326   
194327   
194328   
194329   
194330   
194331   
194332   
194333   
194334   
194335   
194336   
194337   
194338   
194339   
194340   
194341   
194342   
194343   
194344   
194345   
194346   
194347   
194348   
194349   
194350   
194351   
194352   
194353   
194354   
194355   
194356   
194357   
194358   
194359   
194400   
194401   
194402   
194403   
194404   
194405   
194406   
194407   
194408   
194409   
194410   
194411   
194412   
194413   
194414   
194415   
194416   
194417   
194418   
194419   
194420   
194421   
194422   
194423   
194424   
194425   
194426   
194427   
194428   
194429   
194430   
194431   
194432   
194433   
194434   
194435   
194436   
194437   
194438   
194439   
194440   
194441   
194442   
194443   
194444   
194445   
194446   
194447   
194448   
194449   
194450   
194451   
194452   
194453   
194454   
194455   
194456   
194457   
194458   
194459   
194500   
194501   
194502   
194503   
194504   
194505   
194506   
194507   
194508   
194509   
194510   
194511   
194512   
194513   
194514   
194515   
194516   
194517   
194518   
194519   
194520   
194521   
194522   
194523   
194524   
194525   
194526   
194527   
194528   
194529   
194530   
194531   
194532   
194533   
194534   
194535   
194536   
194537   
194538   
194539   
194540   
194541   
194542   
194543   
194544   
194545   
194546   
194547   
194548   
194549   
194550   
194551   
194552   
194553   
194554   
194555   
194556   
194557   
194558   
194559   
194600   
194601   
194602   
194603   
194604   
194605   
194606   
194607   
194608   
194609   
194610   
194611   
194612   
194613   
194614   
194615   
194616   
194617   
194618   
194619   
194620   
194621   
194622   
194623   
194624   
194625   
194626   
194627   
194628   
194629   
194630   
194631   
194632   
194633   
194634   
194635   
194636   
194637   
194638   
194639   
194640   
194641   
194642   
194643   
194644   
194645   
194646   
194647   
194648   
194649   
194650   
194651   
194652   
194653   
194654   
194655   
194656   
194657   
194658   
194659   
194700   
194701   
194702   
194703   
194704   
194705   
194706   
194707   
194708   
194709   
194710   
194711   
194712   
194713   
194714   
194715   
194716   
194717   
194718   
194719   
194720   
194721   
194722   
194723   
194724   
194725   
194726   
194727   
194728   
194729   
194730   
194731   
194732   
194733   
194734   
194735   
194736   
194737   
194738   
194739   
194740   
194741   
194742   
194743   
194744   
194745   
194746   
194747   
194748   
194749   
194750   
194751   
194752   
194753   
194754   
194755   
194756   
194757   
194758   
194759   
194800   
194801   
194802   
194803   
194804   
194805   
194806   
194807   
194808   
194809   
194810   
194811   
194812   
194813   
194814   
194815   
194816   
194817   
194818   
194819   
194820   
194821   
194822   
194823   
194824   
194825   
194826   
194827   
194828   
194829   
194830   
194831   
194832   
194833   
194834   
194835   
194836   
194837   
194838   
194839   
194840   
194841   
194842   
194843   
194844   
194845   
194846   
194847   
194848   
194849   
194850   
194851   
194852   
194853   
194854   
194855   
194856   
194857   
194858   
194859   
194900   
194901   
194902   
194903   
194904   
194905   
194906   
194907   
194908   
194909   
194910   
194911   
194912   
194913   
194914   
194915   
194916   
194917   
194918   
194919   
194920   
194921   
194922   
194923   
194924   
194925   
194926   
194927   
194928   
194929   
194930   
194931   
194932   
194933   
194934   
194935   
194936   
194937   
194938   
194939   
194940   
194941   
194942   
194943   
194944   
194945   
194946   
194947   
194948   
194949   
194950   
194951   
194952   
194953   
194954   
194955   
194956   
194957   
194958   
194959   
195000   
195001   
195002   
195003   
195004   
195005   
195006   
195007   
195008   
195009   
195010   
195011   
195012   
195013   
195014   
195015   
195016   
195017   
195018   
195019   
195020   
195021   
195022   
195023   
195024   
195025   
195026   
195027   
195028   
195029   
195030   
195031   
195032   
195033   
195034   
195035   
195036   
195037   
195038   
195039   
195040   
195041   
195042   
195043   
195044   
195045   
195046   
195047   
195048   
195049   
195050   
195051   
195052   
195053   
195054   
195055   
195056   
195057   
195058   
195059   
195100   
195101   
195102   
195103   
195104   
195105   
195106   
195107   
195108   
195109   
195110   
195111   
195112   
195113   
195114   
195115   
195116   
195117   
195118   
195119   
195120   
195121   
195122   
195123   
195124   
195125   
195126   
195127   
195128   
195129   
195130   
195131   
195132   
195133   
195134   
195135   
195136   
195137   
195138   
195139   
195140   
195141   
195142   
195143   
195144   
195145   
195146   
195147   
195148   
195149   
195150   
195151   
195152   
195153   
195154   
195155   
195156   
195157   
195158   
195159   
195200   
195201   
195202   
195203   
195204   
195205   
195206   
195207   
195208   
195209   
195210   
195211   
195212   
195213   
195214   
195215   
195216   
195217   
195218   
195219   
195220   
195221   
195222   
195223   
195224   
195225   
195226   
195227   
195228   
195229   
195230   
195231   
195232   
195233   
195234   
195235   
195236   
195237   
195238   
195239   
195240   
195241   
195242   
195243   
195244   
195245   
195246   
195247   
195248   
195249   
195250   
195251   
195252   
195253   
195254   
195255   
195256   
195257   
195258   
195259   
195300   
195301   
195302   
195303   
195304   
195305   
195306   
195307   
195308   
195309   
195310   
195311   
195312   
195313   
195314   
195315   
195316   
195317   
195318   
195319   
195320   
195321   
195322   
195323   
195324   
195325   
195326   
195327   
195328   
195329   
195330   
195331   
195332   
195333   
195334   
195335   
195336   
195337   
195338   
195339   
195340   
195341   
195342   
195343   
195344   
195345   
195346   
195347   
195348   
195349   
195350   
195351   
195352   
195353   
195354   
195355   
195356   
195357   
195358   
195359   
195400   
195401   
195402   
195403   
195404   
195405   
195406   
195407   
195408   
195409   
195410   
195411   
195412   
195413   
195414   
195415   
195416   
195417   
195418   
195419   
195420   
195421   
195422   
195423   
195424   
195425   
195426   
195427   
195428   
195429   
195430   
195431   
195432   
195433   
195434   
195435   
195436   
195437   
195438   
195439   
195440   
195441   
195442   
195443   
195444   
195445   
195446   
195447   
195448   
195449   
195450   
195451   
195452   
195453   
195454   
195455   
195456   
195457   
195458   
195459   
195500   
195501   
195502   
195503   
195504   
195505   
195506   
195507   
195508   
195509   
195510   
195511   
195512   
195513   
195514   
195515   
195516   
195517   
195518   
195519   
195520   
195521   
195522   
195523   
195524   
195525   
195526   
195527   
195528   
195529   
195530   
195531   
195532   
195533   
195534   
195535   
195536   
195537   
195538   
195539   
195540   
195541   
195542   
195543   
195544   
195545   
195546   
195547   
195548   
195549   
195550   
195551   
195552   
195553   
195554   
195555   
195556   
195557   
195558   
195559   
195600   
195601   
195602   
195603   
195604   
195605   
195606   
195607   
195608   
195609   
195610   
195611   
195612   
195613   
195614   
195615   
195616   
195617   
195618   
195619   
195620   
195621   
195622   
195623   
195624   
195625   
195626   
195627   
195628   
195629   
195630   
195631   
195632   
195633   
195634   
195635   
195636   
195637   
195638   
195639   
195640   
195641   
195642   
195643   
195644   
195645   
195646   
195647   
195648   
195649   
195650   
195651   
195652   
195653   
195654   
195655   
195656   
195657   
195658   
195659   
195700   
195701   
195702   
195703   
195704   
195705   
195706   
195707   
195708   
195709   
195710   
195711   
195712   
195713   
195714   
195715   
195716   
195717   
195718   
195719   
195720   
195721   
195722   
195723   
195724   
195725   
195726   
195727   
195728   
195729   
195730   
195731   
195732   
195733   
195734   
195735   
195736   
195737   
195738   
195739   
195740   
195741   
195742   
195743   
195744   
195745   
195746   
195747   
195748   
195749   
195750   
195751   
195752   
195753   
195754   
195755   
195756   
195757   
195758   
195759   
195800   
195801   
195802   
195803   
195804   
195805   
195806   
195807   
195808   
195809   
195810   
195811   
195812   
195813   
195814   
195815   
195816   
195817   
195818   
195819   
195820   
195821   
195822   
195823   
195824   
195825   
195826   
195827   
195828   
195829   
195830   
195831   
195832   
195833   
195834   
195835   
195836   
195837   
195838   
195839   
195840   
195841   
195842   
195843   
195844   
195845   
195846   
195847   
195848   
195849   
195850   
195851   
195852   
195853   
195854   
195855   
195856   
195857   
195858   
195859   
195900   
195901   
195902   
195903   
195904   
195905   
195906   
195907   
195908   
195909   
195910   
195911   
195912   
195913   
195914   
195915   
195916   
195917   
195918   
195919   
195920   
195921   
195922   
195923   
195924   
195925   
195926   
195927   
195928   
195929   
195930   
195931   
195932   
195933   
195934   
195935   
195936   
195937   
195938   
195939   
195940   
195941   
195942   
195943   
195944   
195945   
195946   
195947   
195948   
195949   
195950   
195951   
195952   
195953   
195954   
195955   
195956   
195957   
195958   
195959   
