200000   
200001   
200002   
200003   
200004   
200005   
200006   
200007   
200008   
200009   
200010   
200011   
200012   
200013   
200014   
200015   
200016   
200017   
200018   
200019   
200020   
200021   
200022   
200023   
200024   
200025   
200026   
200027   
200028   
200029   
200030   
200031   
200032   
200033   
200034   
200035   
200036   
200037   
200038   
200039   
200040   
200041   
200042   
200043   
200044   
200045   
200046   
200047   
200048   
200049   
200050   
200051   
200052   
200053   
200054   
200055   
200056   
200057   
200058   
200059   
200100   
200101   
200102   
200103   
200104   
200105   
200106   
200107   
200108   
200109   
200110   
200111   
200112   
200113   
200114   
200115   
200116   
200117   
200118   
200119   
200120   
200121   
200122   
200123   
200124   
200125   
200126   
200127   
200128   
200129   
200130   
200131   
200132   
200133   
200134   
200135   
200136   
200137   
200138   
200139   
200140   
200141   
200142   
200143   
200144   
200145   
200146   
200147   
200148   
200149   
200150   
200151   
200152   
200153   
200154   
200155   
200156   
200157   
200158   
200159   
200200   
200201   
200202   
200203   
200204   
200205   
200206   
200207   
200208   
200209   
200210   
200211   
200212   
200213   
200214   
200215   
200216   
200217   
200218   
200219   
200220   
200221   
200222   
200223   
200224   
200225   
200226   
200227   
200228   
200229   
200230   
200231   
200232   
200233   
200234   
200235   
200236   
200237   
200238   
200239   
200240   
200241   
200242   
200243   
200244   
200245   
200246   
200247   
200248   
200249   
200250   
200251   
200252   
200253   
200254   
200255   
200256   
200257   
200258   
200259   
200300   
200301   
200302   
200303   
200304   
200305   
200306   
200307   
200308   
200309   
200310   
200311   
200312   
200313   
200314   
200315   
200316   
200317   
200318   
200319   
200320   
200321   
200322   
200323   
200324   
200325   
200326   
200327   
200328   
200329   
200330   
200331   
200332   
200333   
200334   
200335   
200336   
200337   
200338   
200339   
200340   
200341   
200342   
200343   
200344   
200345   
200346   
200347   
200348   
200349   
200350   
200351   
200352   
200353   
200354   
200355   
200356   
200357   
200358   
200359   
200400   
200401   
200402   
200403   
200404   
200405   
200406   
200407   
200408   
200409   
200410   
200411   
200412   
200413   
200414   
200415   
200416   
200417   
200418   
200419   
200420   
200421   
200422   
200423   
200424   
200425   
200426   
200427   
200428   
200429   
200430   
200431   
200432   
200433   
200434   
200435   
200436   
200437   
200438   
200439   
200440   
200441   
200442   
200443   
200444   
200445   
200446   
200447   
200448   
200449   
200450   
200451   
200452   
200453   
200454   
200455   
200456   
200457   
200458   
200459   
200500   
200501   
200502   
200503   
200504   
200505   
200506   
200507   
200508   
200509   
200510   
200511   
200512   
200513   
200514   
200515   
200516   
200517   
200518   
200519   
200520   
200521   
200522   
200523   
200524   
200525   
200526   
200527   
200528   
200529   
200530   
200531   
200532   
200533   
200534   
200535   
200536   
200537   
200538   
200539   
200540   
200541   
200542   
200543   
200544   
200545   
200546   
200547   
200548   
200549   
200550   
200551   
200552   
200553   
200554   
200555   
200556   
200557   
200558   
200559   
200600   
200601   
200602   
200603   
200604   
200605   
200606   
200607   
200608   
200609   
200610   
200611   
200612   
200613   
200614   
200615   
200616   
200617   
200618   
200619   
200620   
200621   
200622   
200623   
200624   
200625   
200626   
200627   
200628   
200629   
200630   
200631   
200632   
200633   
200634   
200635   
200636   
200637   
200638   
200639   
200640   
200641   
200642   
200643   
200644   
200645   
200646   
200647   
200648   
200649   
200650   
200651   
200652   
200653   
200654   
200655   
200656   
200657   
200658   
200659   
200700   
200701   
200702   
200703   
200704   
200705   
200706   
200707   
200708   
200709   
200710   
200711   
200712   
200713   
200714   
200715   
200716   
200717   
200718   
200719   
200720   
200721   
200722   
200723   
200724   
200725   
200726   
200727   
200728   
200729   
200730   
200731   
200732   
200733   
200734   
200735   
200736   
200737   
200738   
200739   
200740   
200741   
200742   
200743   
200744   
200745   
200746   
200747   
200748   
200749   
200750   
200751   
200752   
200753   
200754   
200755   
200756   
200757   
200758   
200759   
200800   
200801   
200802   
200803   
200804   
200805   
200806   
200807   
200808   
200809   
200810   
200811   
200812   
200813   
200814   
200815   
200816   
200817   
200818   
200819   
200820   
200821   
200822   
200823   
200824   
200825   
200826   
200827   
200828   
200829   
200830   
200831   
200832   
200833   
200834   
200835   
200836   
200837   
200838   
200839   
200840   
200841   
200842   
200843   
200844   
200845   
200846   
200847   
200848   
200849   
200850   
200851   
200852   
200853   
200854   
200855   
200856   
200857   
200858   
200859   
200900   
200901   
200902   
200903   
200904   
200905   
200906   
200907   
200908   
200909   
200910   
200911   
200912   
200913   
200914   
200915   
200916   
200917   
200918   
200919   
200920   
200921   
200922   
200923   
200924   
200925   
200926   
200927   
200928   
200929   
200930   
200931   
200932   
200933   
200934   
200935   
200936   
200937   
200938   
200939   
200940   
200941   
200942   
200943   
200944   
200945   
200946   
200947   
200948   
200949   
200950   
200951   
200952   
200953   
200954   
200955   
200956   
200957   
200958   
200959   
201000   
201001   
201002   
201003   
201004   
201005   
201006   
201007   
201008   
201009   
201010   
201011   
201012   
201013   
201014   
201015   
201016   
201017   
201018   
201019   
201020   
201021   
201022   
201023   
201024   
201025   
201026   
201027   
201028   
201029   
201030   
201031   
201032   
201033   
201034   
201035   
201036   
201037   
201038   
201039   
201040   
201041   
201042   
201043   
201044   
201045   
201046   
201047   
201048   
201049   
201050   
201051   
201052   
201053   
201054   
201055   
201056   
201057   
201058   
201059   
201100   
201101   
201102   
201103   
201104   
201105   
201106   
201107   
201108   
201109   
201110   
201111   
201112   
201113   
201114   
201115   
201116   
201117   
201118   
201119   
201120   
201121   
201122   
201123   
201124   
201125   
201126   
201127   
201128   
201129   
201130   
201131   
201132   
201133   
201134   
201135   
201136   
201137   
201138   
201139   
201140   
201141   
201142   
201143   
201144   
201145   
201146   
201147   
201148   
201149   
201150   
201151   
201152   
201153   
201154   
201155   
201156   
201157   
201158   
201159   
201200   
201201   
201202   
201203   
201204   
201205   
201206   
201207   
201208   
201209   
201210   
201211   
201212   
201213   
201214   
201215   
201216   
201217   
201218   
201219   
201220   
201221   
201222   
201223   
201224   
201225   
201226   
201227   
201228   
201229   
201230   
201231   
201232   
201233   
201234   
201235   
201236   
201237   
201238   
201239   
201240   
201241   
201242   
201243   
201244   
201245   
201246   
201247   
201248   
201249   
201250   
201251   
201252   
201253   
201254   
201255   
201256   
201257   
201258   
201259   
201300   
201301   
201302   
201303   
201304   
201305   
201306   
201307   
201308   
201309   
201310   
201311   
201312   
201313   
201314   
201315   
201316   
201317   
201318   
201319   
201320   
201321   
201322   
201323   
201324   
201325   
201326   
201327   
201328   
201329   
201330   
201331   
201332   
201333   
201334   
201335   
201336   
201337   
201338   
201339   
201340   
201341   
201342   
201343   
201344   
201345   
201346   
201347   
201348   
201349   
201350   
201351   
201352   
201353   
201354   
201355   
201356   
201357   
201358   
201359   
201400   
201401   
201402   
201403   
201404   
201405   
201406   
201407   
201408   
201409   
201410   
201411   
201412   
201413   
201414   
201415   
201416   
201417   
201418   
201419   
201420   
201421   
201422   
201423   
201424   
201425   
201426   
201427   
201428   
201429   
201430   
201431   
201432   
201433   
201434   
201435   
201436   
201437   
201438   
201439   
201440   
201441   
201442   
201443   
201444   
201445   
201446   
201447   
201448   
201449   
201450   
201451   
201452   
201453   
201454   
201455   
201456   
201457   
201458   
201459   
201500   
201501   
201502   
201503   
201504   
201505   
201506   
201507   
201508   
201509   
201510   
201511   
201512   
201513   
201514   
201515   
201516   
201517   
201518   
201519   
201520   
201521   
201522   
201523   
201524   
201525   
201526   
201527   
201528   
201529   
201530   
201531   
201532   
201533   
201534   
201535   
201536   
201537   
201538   
201539   
201540   
201541   
201542   
201543   
201544   
201545   
201546   
201547   
201548   
201549   
201550   
201551   
201552   
201553   
201554   
201555   
201556   
201557   
201558   
201559   
201600   
201601   
201602   
201603   
201604   
201605   
201606   
201607   
201608   
201609   
201610   
201611   
201612   
201613   
201614   
201615   
201616   
201617   
201618   
201619   
201620   
201621   
201622   
201623   
201624   
201625   
201626   
201627   
201628   
201629   
201630   
201631   
201632   
201633   
201634   
201635   
201636   
201637   
201638   
201639   
201640   
201641   
201642   
201643   
201644   
201645   
201646   
201647   
201648   
201649   
201650   
201651   
201652   
201653   
201654   
201655   
201656   
201657   
201658   
201659   
201700   
201701   
201702   
201703   
201704   
201705   
201706   
201707   
201708   
201709   
201710   
201711   
201712   
201713   
201714   
201715   
201716   
201717   
201718   
201719   
201720   
201721   
201722   
201723   
201724   
201725   
201726   
201727   
201728   
201729   
201730   
201731   
201732   
201733   
201734   
201735   
201736   
201737   
201738   
201739   
201740   
201741   
201742   
201743   
201744   
201745   
201746   
201747   
201748   
201749   
201750   
201751   
201752   
201753   
201754   
201755   
201756   
201757   
201758   
201759   
201800   
201801   
201802   
201803   
201804   
201805   
201806   
201807   
201808   
201809   
201810   
201811   
201812   
201813   
201814   
201815   
201816   
201817   
201818   
201819   
201820   
201821   
201822   
201823   
201824   
201825   
201826   
201827   
201828   
201829   
201830   
201831   
201832   
201833   
201834   
201835   
201836   
201837   
201838   
201839   
201840   
201841   
201842   
201843   
201844   
201845   
201846   
201847   
201848   
201849   
201850   
201851   
201852   
201853   
201854   
201855   
201856   
201857   
201858   
201859   
201900   
201901   
201902   
201903   
201904   
201905   
201906   
201907   
201908   
201909   
201910   
201911   
201912   
201913   
201914   
201915   
201916   
201917   
201918   
201919   
201920   
201921   
201922   
201923   
201924   
201925   
201926   
201927   
201928   
201929   
201930   
201931   
201932   
201933   
201934   
201935   
201936   
201937   
201938   
201939   
201940   
201941   
201942   
201943   
201944   
201945   
201946   
201947   
201948   
201949   
201950   
201951   
201952   
201953   
201954   
201955   
201956   
201957   
201958   
201959   
202000   
202001   
202002   
202003   
202004   
202005   
202006   
202007   
202008   
202009   
202010   
202011   
202012   
202013   
202014   
202015   
202016   
202017   
202018   
202019   
202020   
202021   
202022   
202023   
202024   
202025   
202026   
202027   
202028   
202029   
202030   
202031   
202032   
202033   
202034   
202035   
202036   
202037   
202038   
202039   
202040   
202041   
202042   
202043   
202044   
202045   
202046   
202047   
202048   
202049   
202050   
202051   
202052   
202053   
202054   
202055   
202056   
202057   
202058   
202059   
202100   
202101   
202102   
202103   
202104   
202105   
202106   
202107   
202108   
202109   
202110   
202111   
202112   
202113   
202114   
202115   
202116   
202117   
202118   
202119   
202120   
202121   
202122   
202123   
202124   
202125   
202126   
202127   
202128   
202129   
202130   
202131   
202132   
202133   
202134   
202135   
202136   
202137   
202138   
202139   
202140   
202141   
202142   
202143   
202144   
202145   
202146   
202147   
202148   
202149   
202150   
202151   
202152   
202153   
202154   
202155   
202156   
202157   
202158   
202159   
202200   
202201   
202202   
202203   
202204   
202205   
202206   
202207   
202208   
202209   
202210   
202211   
202212   
202213   
202214   
202215   
202216   
202217   
202218   
202219   
202220   
202221   
202222   
202223   
202224   
202225   
202226   
202227   
202228   
202229   
202230   
202231   
202232   
202233   
202234   
202235   
202236   
202237   
202238   
202239   
202240   
202241   
202242   
202243   
202244   
202245   
202246   
202247   
202248   
202249   
202250   
202251   
202252   
202253   
202254   
202255   
202256   
202257   
202258   
202259   
202300   
202301   
202302   
202303   
202304   
202305   
202306   
202307   
202308   
202309   
202310   
202311   
202312   
202313   
202314   
202315   
202316   
202317   
202318   
202319   
202320   
202321   
202322   
202323   
202324   
202325   
202326   
202327   
202328   
202329   
202330   
202331   
202332   
202333   
202334   
202335   
202336   
202337   
202338   
202339   
202340   
202341   
202342   
202343   
202344   
202345   
202346   
202347   
202348   
202349   
202350   
202351   
202352   
202353   
202354   
202355   
202356   
202357   
202358   
202359   
202400   
202401   
202402   
202403   
202404   
202405   
202406   
202407   
202408   
202409   
202410   
202411   
202412   
202413   
202414   
202415   
202416   
202417   
202418   
202419   
202420   
202421   
202422   
202423   
202424   
202425   
202426   
202427   
202428   
202429   
202430   
202431   
202432   
202433   
202434   
202435   
202436   
202437   
202438   
202439   
202440   
202441   
202442   
202443   
202444   
202445   
202446   
202447   
202448   
202449   
202450   
202451   
202452   
202453   
202454   
202455   
202456   
202457   
202458   
202459   
202500   
202501   
202502   
202503   
202504   
202505   
202506   
202507   
202508   
202509   
202510   
202511   
202512   
202513   
202514   
202515   
202516   
202517   
202518   
202519   
202520   
202521   
202522   
202523   
202524   
202525   
202526   
202527   
202528   
202529   
202530   
202531   
202532   
202533   
202534   
202535   
202536   
202537   
202538   
202539   
202540   
202541   
202542   
202543   
202544   
202545   
202546   
202547   
202548   
202549   
202550   
202551   
202552   
202553   
202554   
202555   
202556   
202557   
202558   
202559   
202600   
202601   
202602   
202603   
202604   
202605   
202606   
202607   
202608   
202609   
202610   
202611   
202612   
202613   
202614   
202615   
202616   
202617   
202618   
202619   
202620   
202621   
202622   
202623   
202624   
202625   
202626   
202627   
202628   
202629   
202630   
202631   
202632   
202633   
202634   
202635   
202636   
202637   
202638   
202639   
202640   
202641   
202642   
202643   
202644   
202645   
202646   
202647   
202648   
202649   
202650   
202651   
202652   
202653   
202654   
202655   
202656   
202657   
202658   
202659   
202700   
202701   
202702   
202703   
202704   
202705   
202706   
202707   
202708   
202709   
202710   
202711   
202712   
202713   
202714   
202715   
202716   
202717   
202718   
202719   
202720   
202721   
202722   
202723   
202724   
202725   
202726   
202727   
202728   
202729   
202730   
202731   
202732   
202733   
202734   
202735   
202736   
202737   
202738   
202739   
202740   
202741   
202742   
202743   
202744   
202745   
202746   
202747   
202748   
202749   
202750   
202751   
202752   
202753   
202754   
202755   
202756   
202757   
202758   
202759   
202800   
202801   
202802   
202803   
202804   
202805   
202806   
202807   
202808   
202809   
202810   
202811   
202812   
202813   
202814   
202815   
202816   
202817   
202818   
202819   
202820   
202821   
202822   
202823   
202824   
202825   
202826   
202827   
202828   
202829   
202830   
202831   
202832   
202833   
202834   
202835   
202836   
202837   
202838   
202839   
202840   
202841   
202842   
202843   
202844   
202845   
202846   
202847   
202848   
202849   
202850   
202851   
202852   
202853   
202854   
202855   
202856   
202857   
202858   
202859   
202900   
202901   
202902   
202903   
202904   
202905   
202906   
202907   
202908   
202909   
202910   
202911   
202912   
202913   
202914   
202915   
202916   
202917   
202918   
202919   
202920   
202921   
202922   
202923   
202924   
202925   
202926   
202927   
202928   
202929   
202930   
202931   
202932   
202933   
202934   
202935   
202936   
202937   
202938   
202939   
202940   
202941   
202942   
202943   
202944   
202945   
202946   
202947   
202948   
202949   
202950   
202951   
202952   
202953   
202954   
202955   
202956   
202957   
202958   
202959   
203000   
203001   
203002   
203003   
203004   
203005   
203006   
203007   
203008   
203009   
203010   
203011   
203012   
203013   
203014   
203015   
203016   
203017   
203018   
203019   
203020   
203021   
203022   
203023   
203024   
203025   
203026   
203027   
203028   
203029   
203030   
203031   
203032   
203033   
203034   
203035   
203036   
203037   
203038   
203039   
203040   
203041   
203042   
203043   
203044   
203045   
203046   
203047   
203048   
203049   
203050   
203051   
203052   
203053   
203054   
203055   
203056   
203057   
203058   
203059   
203100   
203101   
203102   
203103   
203104   
203105   
203106   
203107   
203108   
203109   
203110   
203111   
203112   
203113   
203114   
203115   
203116   
203117   
203118   
203119   
203120   
203121   
203122   
203123   
203124   
203125   
203126   
203127   
203128   
203129   
203130   
203131   
203132   
203133   
203134   
203135   
203136   
203137   
203138   
203139   
203140   
203141   
203142   
203143   
203144   
203145   
203146   
203147   
203148   
203149   
203150   
203151   
203152   
203153   
203154   
203155   
203156   
203157   
203158   
203159   
203200   
203201   
203202   
203203   
203204   
203205   
203206   
203207   
203208   
203209   
203210   
203211   
203212   
203213   
203214   
203215   
203216   
203217   
203218   
203219   
203220   
203221   
203222   
203223   
203224   
203225   
203226   
203227   
203228   
203229   
203230   
203231   
203232   
203233   
203234   
203235   
203236   
203237   
203238   
203239   
203240   
203241   
203242   
203243   
203244   
203245   
203246   
203247   
203248   
203249   
203250   
203251   
203252   
203253   
203254   
203255   
203256   
203257   
203258   
203259   
203300   
203301   
203302   
203303   
203304   
203305   
203306   
203307   
203308   
203309   
203310   
203311   
203312   
203313   
203314   
203315   
203316   
203317   
203318   
203319   
203320   
203321   
203322   
203323   
203324   
203325   
203326   
203327   
203328   
203329   
203330   
203331   
203332   
203333   
203334   
203335   
203336   
203337   
203338   
203339   
203340   
203341   
203342   
203343   
203344   
203345   
203346   
203347   
203348   
203349   
203350   
203351   
203352   
203353   
203354   
203355   
203356   
203357   
203358   
203359   
203400   
203401   
203402   
203403   
203404   
203405   
203406   
203407   
203408   
203409   
203410   
203411   
203412   
203413   
203414   
203415   
203416   
203417   
203418   
203419   
203420   
203421   
203422   
203423   
203424   
203425   
203426   
203427   
203428   
203429   
203430   
203431   
203432   
203433   
203434   
203435   
203436   
203437   
203438   
203439   
203440   
203441   
203442   
203443   
203444   
203445   
203446   
203447   
203448   
203449   
203450   
203451   
203452   
203453   
203454   
203455   
203456   
203457   
203458   
203459   
203500   
203501   
203502   
203503   
203504   
203505   
203506   
203507   
203508   
203509   
203510   
203511   
203512   
203513   
203514   
203515   
203516   
203517   
203518   
203519   
203520   
203521   
203522   
203523   
203524   
203525   
203526   
203527   
203528   
203529   
203530   
203531   
203532   
203533   
203534   
203535   
203536   
203537   
203538   
203539   
203540   
203541   
203542   
203543   
203544   
203545   
203546   
203547   
203548   
203549   
203550   
203551   
203552   
203553   
203554   
203555   
203556   
203557   
203558   
203559   
203600   
203601   
203602   
203603   
203604   
203605   
203606   
203607   
203608   
203609   
203610   
203611   
203612   
203613   
203614   
203615   
203616   
203617   
203618   
203619   
203620   
203621   
203622   
203623   
203624   
203625   
203626   
203627   
203628   
203629   
203630   
203631   
203632   
203633   
203634   
203635   
203636   
203637   
203638   
203639   
203640   
203641   
203642   
203643   
203644   
203645   
203646   
203647   
203648   
203649   
203650   
203651   
203652   
203653   
203654   
203655   
203656   
203657   
203658   
203659   
203700   
203701   
203702   
203703   
203704   
203705   
203706   
203707   
203708   
203709   
203710   
203711   
203712   
203713   
203714   
203715   
203716   
203717   
203718   
203719   
203720   
203721   
203722   
203723   
203724   
203725   
203726   
203727   
203728   
203729   
203730   
203731   
203732   
203733   
203734   
203735   
203736   
203737   
203738   
203739   
203740   
203741   
203742   
203743   
203744   
203745   
203746   
203747   
203748   
203749   
203750   
203751   
203752   
203753   
203754   
203755   
203756   
203757   
203758   
203759   
203800   
203801   
203802   
203803   
203804   
203805   
203806   
203807   
203808   
203809   
203810   
203811   
203812   
203813   
203814   
203815   
203816   
203817   
203818   
203819   
203820   
203821   
203822   
203823   
203824   
203825   
203826   
203827   
203828   
203829   
203830   
203831   
203832   
203833   
203834   
203835   
203836   
203837   
203838   
203839   
203840   
203841   
203842   
203843   
203844   
203845   
203846   
203847   
203848   
203849   
203850   
203851   
203852   
203853   
203854   
203855   
203856   
203857   
203858   
203859   
203900   
203901   
203902   
203903   
203904   
203905   
203906   
203907   
203908   
203909   
203910   
203911   
203912   
203913   
203914   
203915   
203916   
203917   
203918   
203919   
203920   
203921   
203922   
203923   
203924   
203925   
203926   
203927   
203928   
203929   
203930   
203931   
203932   
203933   
203934   
203935   
203936   
203937   
203938   
203939   
203940   
203941   
203942   
203943   
203944   
203945   
203946   
203947   
203948   
203949   
203950   
203951   
203952   
203953   
203954   
203955   
203956   
203957   
203958   
203959   
204000   
204001   
204002   
204003   
204004   
204005   
204006   
204007   
204008   
204009   
204010   
204011   
204012   
204013   
204014   
204015   
204016   
204017   
204018   
204019   
204020   
204021   
204022   
204023   
204024   
204025   
204026   
204027   
204028   
204029   
204030   
204031   
204032   
204033   
204034   
204035   
204036   
204037   
204038   
204039   
204040   
204041   
204042   
204043   
204044   
204045   
204046   
204047   
204048   
204049   
204050   
204051   
204052   
204053   
204054   
204055   
204056   
204057   
204058   
204059   
204100   
204101   
204102   
204103   
204104   
204105   
204106   
204107   
204108   
204109   
204110   
204111   
204112   
204113   
204114   
204115   
204116   
204117   
204118   
204119   
204120   
204121   
204122   
204123   
204124   
204125   
204126   
204127   
204128   
204129   
204130   
204131   
204132   
204133   
204134   
204135   
204136   
204137   
204138   
204139   
204140   
204141   
204142   
204143   
204144   
204145   
204146   
204147   
204148   
204149   
204150   
204151   
204152   
204153   
204154   
204155   
204156   
204157   
204158   
204159   
204200   
204201   
204202   
204203   
204204   
204205   
204206   
204207   
204208   
204209   
204210   
204211   
204212   
204213   
204214   
204215   
204216   
204217   
204218   
204219   
204220   
204221   
204222   
204223   
204224   
204225   
204226   
204227   
204228   
204229   
204230   
204231   
204232   
204233   
204234   
204235   
204236   
204237   
204238   
204239   
204240   
204241   
204242   
204243   
204244   
204245   
204246   
204247   
204248   
204249   
204250   
204251   
204252   
204253   
204254   
204255   
204256   
204257   
204258   
204259   
204300   
204301   
204302   
204303   
204304   
204305   
204306   
204307   
204308   
204309   
204310   
204311   
204312   
204313   
204314   
204315   
204316   
204317   
204318   
204319   
204320   
204321   
204322   
204323   
204324   
204325   
204326   
204327   
204328   
204329   
204330   
204331   
204332   
204333   
204334   
204335   
204336   
204337   
204338   
204339   
204340   
204341   
204342   
204343   
204344   
204345   
204346   
204347   
204348   
204349   
204350   
204351   
204352   
204353   
204354   
204355   
204356   
204357   
204358   
204359   
204400   
204401   
204402   
204403   
204404   
204405   
204406   
204407   
204408   
204409   
204410   
204411   
204412   
204413   
204414   
204415   
204416   
204417   
204418   
204419   
204420   
204421   
204422   
204423   
204424   
204425   
204426   
204427   
204428   
204429   
204430   
204431   
204432   
204433   
204434   
204435   
204436   
204437   
204438   
204439   
204440   
204441   
204442   
204443   
204444   
204445   
204446   
204447   
204448   
204449   
204450   
204451   
204452   
204453   
204454   
204455   
204456   
204457   
204458   
204459   
204500   
204501   
204502   
204503   
204504   
204505   
204506   
204507   
204508   
204509   
204510   
204511   
204512   
204513   
204514   
204515   
204516   
204517   
204518   
204519   
204520   
204521   
204522   
204523   
204524   
204525   
204526   
204527   
204528   
204529   
204530   
204531   
204532   
204533   
204534   
204535   
204536   
204537   
204538   
204539   
204540   
204541   
204542   
204543   
204544   
204545   
204546   
204547   
204548   
204549   
204550   
204551   
204552   
204553   
204554   
204555   
204556   
204557   
204558   
204559   
204600   
204601   
204602   
204603   
204604   
204605   
204606   
204607   
204608   
204609   
204610   
204611   
204612   
204613   
204614   
204615   
204616   
204617   
204618   
204619   
204620   
204621   
204622   
204623   
204624   
204625   
204626   
204627   
204628   
204629   
204630   
204631   
204632   
204633   
204634   
204635   
204636   
204637   
204638   
204639   
204640   
204641   
204642   
204643   
204644   
204645   
204646   
204647   
204648   
204649   
204650   
204651   
204652   
204653   
204654   
204655   
204656   
204657   
204658   
204659   
204700   
204701   
204702   
204703   
204704   
204705   
204706   
204707   
204708   
204709   
204710   
204711   
204712   
204713   
204714   
204715   
204716   
204717   
204718   
204719   
204720   
204721   
204722   
204723   
204724   
204725   
204726   
204727   
204728   
204729   
204730   
204731   
204732   
204733   
204734   
204735   
204736   
204737   
204738   
204739   
204740   
204741   
204742   
204743   
204744   
204745   
204746   
204747   
204748   
204749   
204750   
204751   
204752   
204753   
204754   
204755   
204756   
204757   
204758   
204759   
204800   
204801   
204802   
204803   
204804   
204805   
204806   
204807   
204808   
204809   
204810   
204811   
204812   
204813   
204814   
204815   
204816   
204817   
204818   
204819   
204820   
204821   
204822   
204823   
204824   
204825   
204826   
204827   
204828   
204829   
204830   
204831   
204832   
204833   
204834   
204835   
204836   
204837   
204838   
204839   
204840   
204841   
204842   
204843   
204844   
204845   
204846   
204847   
204848   
204849   
204850   
204851   
204852   
204853   
204854   
204855   
204856   
204857   
204858   
204859   
204900   
204901   
204902   
204903   
204904   
204905   
204906   
204907   
204908   
204909   
204910   
204911   
204912   
204913   
204914   
204915   
204916   
204917   
204918   
204919   
204920   
204921   
204922   
204923   
204924   
204925   
204926   
204927   
204928   
204929   
204930   
204931   
204932   
204933   
204934   
204935   
204936   
204937   
204938   
204939   
204940   
204941   
204942   
204943   
204944   
204945   
204946   
204947   
204948   
204949   
204950   
204951   
204952   
204953   
204954   
204955   
204956   
204957   
204958   
204959   
205000   
205001   
205002   
205003   
205004   
205005   
205006   
205007   
205008   
205009   
205010   
205011   
205012   
205013   
205014   
205015   
205016   
205017   
205018   
205019   
205020   
205021   
205022   
205023   
205024   
205025   
205026   
205027   
205028   
205029   
205030   
205031   
205032   
205033   
205034   
205035   
205036   
205037   
205038   
205039   
205040   
205041   
205042   
205043   
205044   
205045   
205046   
205047   
205048   
205049   
205050   
205051   
205052   
205053   
205054   
205055   
205056   
205057   
205058   
205059   
205100   
205101   
205102   
205103   
205104   
205105   
205106   
205107   
205108   
205109   
205110   
205111   
205112   
205113   
205114   
205115   
205116   
205117   
205118   
205119   
205120   
205121   
205122   
205123   
205124   
205125   
205126   
205127   
205128   
205129   
205130   
205131   
205132   
205133   
205134   
205135   
205136   
205137   
205138   
205139   
205140   
205141   
205142   
205143   
205144   
205145   
205146   
205147   
205148   
205149   
205150   
205151   
205152   
205153   
205154   
205155   
205156   
205157   
205158   
205159   
205200   
205201   
205202   
205203   
205204   
205205   
205206   
205207   
205208   
205209   
205210   
205211   
205212   
205213   
205214   
205215   
205216   
205217   
205218   
205219   
205220   
205221   
205222   
205223   
205224   
205225   
205226   
205227   
205228   
205229   
205230   
205231   
205232   
205233   
205234   
205235   
205236   
205237   
205238   
205239   
205240   
205241   
205242   
205243   
205244   
205245   
205246   
205247   
205248   
205249   
205250   
205251   
205252   
205253   
205254   
205255   
205256   
205257   
205258   
205259   
205300   
205301   
205302   
205303   
205304   
205305   
205306   
205307   
205308   
205309   
205310   
205311   
205312   
205313   
205314   
205315   
205316   
205317   
205318   
205319   
205320   
205321   
205322   
205323   
205324   
205325   
205326   
205327   
205328   
205329   
205330   
205331   
205332   
205333   
205334   
205335   
205336   
205337   
205338   
205339   
205340   
205341   
205342   
205343   
205344   
205345   
205346   
205347   
205348   
205349   
205350   
205351   
205352   
205353   
205354   
205355   
205356   
205357   
205358   
205359   
205400   
205401   
205402   
205403   
205404   
205405   
205406   
205407   
205408   
205409   
205410   
205411   
205412   
205413   
205414   
205415   
205416   
205417   
205418   
205419   
205420   
205421   
205422   
205423   
205424   
205425   
205426   
205427   
205428   
205429   
205430   
205431   
205432   
205433   
205434   
205435   
205436   
205437   
205438   
205439   
205440   
205441   
205442   
205443   
205444   
205445   
205446   
205447   
205448   
205449   
205450   
205451   
205452   
205453   
205454   
205455   
205456   
205457   
205458   
205459   
205500   
205501   
205502   
205503   
205504   
205505   
205506   
205507   
205508   
205509   
205510   
205511   
205512   
205513   
205514   
205515   
205516   
205517   
205518   
205519   
205520   
205521   
205522   
205523   
205524   
205525   
205526   
205527   
205528   
205529   
205530   
205531   
205532   
205533   
205534   
205535   
205536   
205537   
205538   
205539   
205540   
205541   
205542   
205543   
205544   
205545   
205546   
205547   
205548   
205549   
205550   
205551   
205552   
205553   
205554   
205555   
205556   
205557   
205558   
205559   
205600   
205601   
205602   
205603   
205604   
205605   
205606   
205607   
205608   
205609   
205610   
205611   
205612   
205613   
205614   
205615   
205616   
205617   
205618   
205619   
205620   
205621   
205622   
205623   
205624   
205625   
205626   
205627   
205628   
205629   
205630   
205631   
205632   
205633   
205634   
205635   
205636   
205637   
205638   
205639   
205640   
205641   
205642   
205643   
205644   
205645   
205646   
205647   
205648   
205649   
205650   
205651   
205652   
205653   
205654   
205655   
205656   
205657   
205658   
205659   
205700   
205701   
205702   
205703   
205704   
205705   
205706   
205707   
205708   
205709   
205710   
205711   
205712   
205713   
205714   
205715   
205716   
205717   
205718   
205719   
205720   
205721   
205722   
205723   
205724   
205725   
205726   
205727   
205728   
205729   
205730   
205731   
205732   
205733   
205734   
205735   
205736   
205737   
205738   
205739   
205740   
205741   
205742   
205743   
205744   
205745   
205746   
205747   
205748   
205749   
205750   
205751   
205752   
205753   
205754   
205755   
205756   
205757   
205758   
205759   
205800   
205801   
205802   
205803   
205804   
205805   
205806   
205807   
205808   
205809   
205810   
205811   
205812   
205813   
205814   
205815   
205816   
205817   
205818   
205819   
205820   
205821   
205822   
205823   
205824   
205825   
205826   
205827   
205828   
205829   
205830   
205831   
205832   
205833   
205834   
205835   
205836   
205837   
205838   
205839   
205840   
205841   
205842   
205843   
205844   
205845   
205846   
205847   
205848   
205849   
205850   
205851   
205852   
205853   
205854   
205855   
205856   
205857   
205858   
205859   
205900   
205901   
205902   
205903   
205904   
205905   
205906   
205907   
205908   
205909   
205910   
205911   
205912   
205913   
205914   
205915   
205916   
205917   
205918   
205919   
205920   
205921   
205922   
205923   
205924   
205925   
205926   
205927   
205928   
205929   
205930   
205931   
205932   
205933   
205934   
205935   
205936   
205937   
205938   
205939   
205940   
205941   
205942   
205943   
205944   
205945   
205946   
205947   
205948   
205949   
205950   
205951   
205952   
205953   
205954   
205955   
205956   
205957   
205958   
205959   
