210000   
210001   
210002   
210003   
210004   
210005   
210006   
210007   
210008   
210009   
210010   
210011   
210012   
210013   
210014   
210015   
210016   
210017   
210018   
210019   
210020   
210021   
210022   
210023   
210024   
210025   
210026   
210027   
210028   
210029   
210030   
210031   
210032   
210033   
210034   
210035   
210036   
210037   
210038   
210039   
210040   
210041   
210042   
210043   
210044   
210045   
210046   
210047   
210048   
210049   
210050   
210051   
210052   
210053   
210054   
210055   
210056   
210057   
210058   
210059   
210100   
210101   
210102   
210103   
210104   
210105   
210106   
210107   
210108   
210109   
210110   
210111   
210112   
210113   
210114   
210115   
210116   
210117   
210118   
210119   
210120   
210121   
210122   
210123   
210124   
210125   
210126   
210127   
210128   
210129   
210130   
210131   
210132   
210133   
210134   
210135   
210136   
210137   
210138   
210139   
210140   
210141   
210142   
210143   
210144   
210145   
210146   
210147   
210148   
210149   
210150   
210151   
210152   
210153   
210154   
210155   
210156   
210157   
210158   
210159   
210200   
210201   
210202   
210203   
210204   
210205   
210206   
210207   
210208   
210209   
210210   
210211   
210212   
210213   
210214   
210215   
210216   
210217   
210218   
210219   
210220   
210221   
210222   
210223   
210224   
210225   
210226   
210227   
210228   
210229   
210230   
210231   
210232   
210233   
210234   
210235   
210236   
210237   
210238   
210239   
210240   
210241   
210242   
210243   
210244   
210245   
210246   
210247   
210248   
210249   
210250   
210251   
210252   
210253   
210254   
210255   
210256   
210257   
210258   
210259   
210300   
210301   
210302   
210303   
210304   
210305   
210306   
210307   
210308   
210309   
210310   
210311   
210312   
210313   
210314   
210315   
210316   
210317   
210318   
210319   
210320   
210321   
210322   
210323   
210324   
210325   
210326   
210327   
210328   
210329   
210330   
210331   
210332   
210333   
210334   
210335   
210336   
210337   
210338   
210339   
210340   
210341   
210342   
210343   
210344   
210345   
210346   
210347   
210348   
210349   
210350   
210351   
210352   
210353   
210354   
210355   
210356   
210357   
210358   
210359   
210400   
210401   
210402   
210403   
210404   
210405   
210406   
210407   
210408   
210409   
210410   
210411   
210412   
210413   
210414   
210415   
210416   
210417   
210418   
210419   
210420   
210421   
210422   
210423   
210424   
210425   
210426   
210427   
210428   
210429   
210430   
210431   
210432   
210433   
210434   
210435   
210436   
210437   
210438   
210439   
210440   
210441   
210442   
210443   
210444   
210445   
210446   
210447   
210448   
210449   
210450   
210451   
210452   
210453   
210454   
210455   
210456   
210457   
210458   
210459   
210500   
210501   
210502   
210503   
210504   
210505   
210506   
210507   
210508   
210509   
210510   
210511   
210512   
210513   
210514   
210515   
210516   
210517   
210518   
210519   
210520   
210521   
210522   
210523   
210524   
210525   
210526   
210527   
210528   
210529   
210530   
210531   
210532   
210533   
210534   
210535   
210536   
210537   
210538   
210539   
210540   
210541   
210542   
210543   
210544   
210545   
210546   
210547   
210548   
210549   
210550   
210551   
210552   
210553   
210554   
210555   
210556   
210557   
210558   
210559   
210600   
210601   
210602   
210603   
210604   
210605   
210606   
210607   
210608   
210609   
210610   
210611   
210612   
210613   
210614   
210615   
210616   
210617   
210618   
210619   
210620   
210621   
210622   
210623   
210624   
210625   
210626   
210627   
210628   
210629   
210630   
210631   
210632   
210633   
210634   
210635   
210636   
210637   
210638   
210639   
210640   
210641   
210642   
210643   
210644   
210645   
210646   
210647   
210648   
210649   
210650   
210651   
210652   
210653   
210654   
210655   
210656   
210657   
210658   
210659   
210700   
210701   
210702   
210703   
210704   
210705   
210706   
210707   
210708   
210709   
210710   
210711   
210712   
210713   
210714   
210715   
210716   
210717   
210718   
210719   
210720   
210721   
210722   
210723   
210724   
210725   
210726   
210727   
210728   
210729   
210730   
210731   
210732   
210733   
210734   
210735   
210736   
210737   
210738   
210739   
210740   
210741   
210742   
210743   
210744   
210745   
210746   
210747   
210748   
210749   
210750   
210751   
210752   
210753   
210754   
210755   
210756   
210757   
210758   
210759   
210800   
210801   
210802   
210803   
210804   
210805   
210806   
210807   
210808   
210809   
210810   
210811   
210812   
210813   
210814   
210815   
210816   
210817   
210818   
210819   
210820   
210821   
210822   
210823   
210824   
210825   
210826   
210827   
210828   
210829   
210830   
210831   
210832   
210833   
210834   
210835   
210836   
210837   
210838   
210839   
210840   
210841   
210842   
210843   
210844   
210845   
210846   
210847   
210848   
210849   
210850   
210851   
210852   
210853   
210854   
210855   
210856   
210857   
210858   
210859   
210900   
210901   
210902   
210903   
210904   
210905   
210906   
210907   
210908   
210909   
210910   
210911   
210912   
210913   
210914   
210915   
210916   
210917   
210918   
210919   
210920   
210921   
210922   
210923   
210924   
210925   
210926   
210927   
210928   
210929   
210930   
210931   
210932   
210933   
210934   
210935   
210936   
210937   
210938   
210939   
210940   
210941   
210942   
210943   
210944   
210945   
210946   
210947   
210948   
210949   
210950   
210951   
210952   
210953   
210954   
210955   
210956   
210957   
210958   
210959   
211000   
211001   
211002   
211003   
211004   
211005   
211006   
211007   
211008   
211009   
211010   
211011   
211012   
211013   
211014   
211015   
211016   
211017   
211018   
211019   
211020   
211021   
211022   
211023   
211024   
211025   
211026   
211027   
211028   
211029   
211030   
211031   
211032   
211033   
211034   
211035   
211036   
211037   
211038   
211039   
211040   
211041   
211042   
211043   
211044   
211045   
211046   
211047   
211048   
211049   
211050   
211051   
211052   
211053   
211054   
211055   
211056   
211057   
211058   
211059   
211100   
211101   
211102   
211103   
211104   
211105   
211106   
211107   
211108   
211109   
211110   
211111   
211112   
211113   
211114   
211115   
211116   
211117   
211118   
211119   
211120   
211121   
211122   
211123   
211124   
211125   
211126   
211127   
211128   
211129   
211130   
211131   
211132   
211133   
211134   
211135   
211136   
211137   
211138   
211139   
211140   
211141   
211142   
211143   
211144   
211145   
211146   
211147   
211148   
211149   
211150   
211151   
211152   
211153   
211154   
211155   
211156   
211157   
211158   
211159   
211200   
211201   
211202   
211203   
211204   
211205   
211206   
211207   
211208   
211209   
211210   
211211   
211212   
211213   
211214   
211215   
211216   
211217   
211218   
211219   
211220   
211221   
211222   
211223   
211224   
211225   
211226   
211227   
211228   
211229   
211230   
211231   
211232   
211233   
211234   
211235   
211236   
211237   
211238   
211239   
211240   
211241   
211242   
211243   
211244   
211245   
211246   
211247   
211248   
211249   
211250   
211251   
211252   
211253   
211254   
211255   
211256   
211257   
211258   
211259   
211300   
211301   
211302   
211303   
211304   
211305   
211306   
211307   
211308   
211309   
211310   
211311   
211312   
211313   
211314   
211315   
211316   
211317   
211318   
211319   
211320   
211321   
211322   
211323   
211324   
211325   
211326   
211327   
211328   
211329   
211330   
211331   
211332   
211333   
211334   
211335   
211336   
211337   
211338   
211339   
211340   
211341   
211342   
211343   
211344   
211345   
211346   
211347   
211348   
211349   
211350   
211351   
211352   
211353   
211354   
211355   
211356   
211357   
211358   
211359   
211400   
211401   
211402   
211403   
211404   
211405   
211406   
211407   
211408   
211409   
211410   
211411   
211412   
211413   
211414   
211415   
211416   
211417   
211418   
211419   
211420   
211421   
211422   
211423   
211424   
211425   
211426   
211427   
211428   
211429   
211430   
211431   
211432   
211433   
211434   
211435   
211436   
211437   
211438   
211439   
211440   
211441   
211442   
211443   
211444   
211445   
211446   
211447   
211448   
211449   
211450   
211451   
211452   
211453   
211454   
211455   
211456   
211457   
211458   
211459   
211500   
211501   
211502   
211503   
211504   
211505   
211506   
211507   
211508   
211509   
211510   
211511   
211512   
211513   
211514   
211515   
211516   
211517   
211518   
211519   
211520   
211521   
211522   
211523   
211524   
211525   
211526   
211527   
211528   
211529   
211530   
211531   
211532   
211533   
211534   
211535   
211536   
211537   
211538   
211539   
211540   
211541   
211542   
211543   
211544   
211545   
211546   
211547   
211548   
211549   
211550   
211551   
211552   
211553   
211554   
211555   
211556   
211557   
211558   
211559   
211600   
211601   
211602   
211603   
211604   
211605   
211606   
211607   
211608   
211609   
211610   
211611   
211612   
211613   
211614   
211615   
211616   
211617   
211618   
211619   
211620   
211621   
211622   
211623   
211624   
211625   
211626   
211627   
211628   
211629   
211630   
211631   
211632   
211633   
211634   
211635   
211636   
211637   
211638   
211639   
211640   
211641   
211642   
211643   
211644   
211645   
211646   
211647   
211648   
211649   
211650   
211651   
211652   
211653   
211654   
211655   
211656   
211657   
211658   
211659   
211700   
211701   
211702   
211703   
211704   
211705   
211706   
211707   
211708   
211709   
211710   
211711   
211712   
211713   
211714   
211715   
211716   
211717   
211718   
211719   
211720   
211721   
211722   
211723   
211724   
211725   
211726   
211727   
211728   
211729   
211730   
211731   
211732   
211733   
211734   
211735   
211736   
211737   
211738   
211739   
211740   
211741   
211742   
211743   
211744   
211745   
211746   
211747   
211748   
211749   
211750   
211751   
211752   
211753   
211754   
211755   
211756   
211757   
211758   
211759   
211800   
211801   
211802   
211803   
211804   
211805   
211806   
211807   
211808   
211809   
211810   
211811   
211812   
211813   
211814   
211815   
211816   
211817   
211818   
211819   
211820   
211821   
211822   
211823   
211824   
211825   
211826   
211827   
211828   
211829   
211830   
211831   
211832   
211833   
211834   
211835   
211836   
211837   
211838   
211839   
211840   
211841   
211842   
211843   
211844   
211845   
211846   
211847   
211848   
211849   
211850   
211851   
211852   
211853   
211854   
211855   
211856   
211857   
211858   
211859   
211900   
211901   
211902   
211903   
211904   
211905   
211906   
211907   
211908   
211909   
211910   
211911   
211912   
211913   
211914   
211915   
211916   
211917   
211918   
211919   
211920   
211921   
211922   
211923   
211924   
211925   
211926   
211927   
211928   
211929   
211930   
211931   
211932   
211933   
211934   
211935   
211936   
211937   
211938   
211939   
211940   
211941   
211942   
211943   
211944   
211945   
211946   
211947   
211948   
211949   
211950   
211951   
211952   
211953   
211954   
211955   
211956   
211957   
211958   
211959   
212000   
212001   
212002   
212003   
212004   
212005   
212006   
212007   
212008   
212009   
212010   
212011   
212012   
212013   
212014   
212015   
212016   
212017   
212018   
212019   
212020   
212021   
212022   
212023   
212024   
212025   
212026   
212027   
212028   
212029   
212030   
212031   
212032   
212033   
212034   
212035   
212036   
212037   
212038   
212039   
212040   
212041   
212042   
212043   
212044   
212045   
212046   
212047   
212048   
212049   
212050   
212051   
212052   
212053   
212054   
212055   
212056   
212057   
212058   
212059   
212100   
212101   
212102   
212103   
212104   
212105   
212106   
212107   
212108   
212109   
212110   
212111   
212112   
212113   
212114   
212115   
212116   
212117   
212118   
212119   
212120   
212121   
212122   
212123   
212124   
212125   
212126   
212127   
212128   
212129   
212130   
212131   
212132   
212133   
212134   
212135   
212136   
212137   
212138   
212139   
212140   
212141   
212142   
212143   
212144   
212145   
212146   
212147   
212148   
212149   
212150   
212151   
212152   
212153   
212154   
212155   
212156   
212157   
212158   
212159   
212200   
212201   
212202   
212203   
212204   
212205   
212206   
212207   
212208   
212209   
212210   
212211   
212212   
212213   
212214   
212215   
212216   
212217   
212218   
212219   
212220   
212221   
212222   
212223   
212224   
212225   
212226   
212227   
212228   
212229   
212230   
212231   
212232   
212233   
212234   
212235   
212236   
212237   
212238   
212239   
212240   
212241   
212242   
212243   
212244   
212245   
212246   
212247   
212248   
212249   
212250   
212251   
212252   
212253   
212254   
212255   
212256   
212257   
212258   
212259   
212300   
212301   
212302   
212303   
212304   
212305   
212306   
212307   
212308   
212309   
212310   
212311   
212312   
212313   
212314   
212315   
212316   
212317   
212318   
212319   
212320   
212321   
212322   
212323   
212324   
212325   
212326   
212327   
212328   
212329   
212330   
212331   
212332   
212333   
212334   
212335   
212336   
212337   
212338   
212339   
212340   
212341   
212342   
212343   
212344   
212345   
212346   
212347   
212348   
212349   
212350   
212351   
212352   
212353   
212354   
212355   
212356   
212357   
212358   
212359   
212400   
212401   
212402   
212403   
212404   
212405   
212406   
212407   
212408   
212409   
212410   
212411   
212412   
212413   
212414   
212415   
212416   
212417   
212418   
212419   
212420   
212421   
212422   
212423   
212424   
212425   
212426   
212427   
212428   
212429   
212430   
212431   
212432   
212433   
212434   
212435   
212436   
212437   
212438   
212439   
212440   
212441   
212442   
212443   
212444   
212445   
212446   
212447   
212448   
212449   
212450   
212451   
212452   
212453   
212454   
212455   
212456   
212457   
212458   
212459   
212500   
212501   
212502   
212503   
212504   
212505   
212506   
212507   
212508   
212509   
212510   
212511   
212512   
212513   
212514   
212515   
212516   
212517   
212518   
212519   
212520   
212521   
212522   
212523   
212524   
212525   
212526   
212527   
212528   
212529   
212530   
212531   
212532   
212533   
212534   
212535   
212536   
212537   
212538   
212539   
212540   
212541   
212542   
212543   
212544   
212545   
212546   
212547   
212548   
212549   
212550   
212551   
212552   
212553   
212554   
212555   
212556   
212557   
212558   
212559   
212600   
212601   
212602   
212603   
212604   
212605   
212606   
212607   
212608   
212609   
212610   
212611   
212612   
212613   
212614   
212615   
212616   
212617   
212618   
212619   
212620   
212621   
212622   
212623   
212624   
212625   
212626   
212627   
212628   
212629   
212630   
212631   
212632   
212633   
212634   
212635   
212636   
212637   
212638   
212639   
212640   
212641   
212642   
212643   
212644   
212645   
212646   
212647   
212648   
212649   
212650   
212651   
212652   
212653   
212654   
212655   
212656   
212657   
212658   
212659   
212700   
212701   
212702   
212703   
212704   
212705   
212706   
212707   
212708   
212709   
212710   
212711   
212712   
212713   
212714   
212715   
212716   
212717   
212718   
212719   
212720   
212721   
212722   
212723   
212724   
212725   
212726   
212727   
212728   
212729   
212730   
212731   
212732   
212733   
212734   
212735   
212736   
212737   
212738   
212739   
212740   
212741   
212742   
212743   
212744   
212745   
212746   
212747   
212748   
212749   
212750   
212751   
212752   
212753   
212754   
212755   
212756   
212757   
212758   
212759   
212800   
212801   
212802   
212803   
212804   
212805   
212806   
212807   
212808   
212809   
212810   
212811   
212812   
212813   
212814   
212815   
212816   
212817   
212818   
212819   
212820   
212821   
212822   
212823   
212824   
212825   
212826   
212827   
212828   
212829   
212830   
212831   
212832   
212833   
212834   
212835   
212836   
212837   
212838   
212839   
212840   
212841   
212842   
212843   
212844   
212845   
212846   
212847   
212848   
212849   
212850   
212851   
212852   
212853   
212854   
212855   
212856   
212857   
212858   
212859   
212900   
212901   
212902   
212903   
212904   
212905   
212906   
212907   
212908   
212909   
212910   
212911   
212912   
212913   
212914   
212915   
212916   
212917   
212918   
212919   
212920   
212921   
212922   
212923   
212924   
212925   
212926   
212927   
212928   
212929   
212930   
212931   
212932   
212933   
212934   
212935   
212936   
212937   
212938   
212939   
212940   
212941   
212942   
212943   
212944   
212945   
212946   
212947   
212948   
212949   
212950   
212951   
212952   
212953   
212954   
212955   
212956   
212957   
212958   
212959   
213000   
213001   
213002   
213003   
213004   
213005   
213006   
213007   
213008   
213009   
213010   
213011   
213012   
213013   
213014   
213015   
213016   
213017   
213018   
213019   
213020   
213021   
213022   
213023   
213024   
213025   
213026   
213027   
213028   
213029   
213030   
213031   
213032   
213033   
213034   
213035   
213036   
213037   
213038   
213039   
213040   
213041   
213042   
213043   
213044   
213045   
213046   
213047   
213048   
213049   
213050   
213051   
213052   
213053   
213054   
213055   
213056   
213057   
213058   
213059   
213100   
213101   
213102   
213103   
213104   
213105   
213106   
213107   
213108   
213109   
213110   
213111   
213112   
213113   
213114   
213115   
213116   
213117   
213118   
213119   
213120   
213121   
213122   
213123   
213124   
213125   
213126   
213127   
213128   
213129   
213130   
213131   
213132   
213133   
213134   
213135   
213136   
213137   
213138   
213139   
213140   
213141   
213142   
213143   
213144   
213145   
213146   
213147   
213148   
213149   
213150   
213151   
213152   
213153   
213154   
213155   
213156   
213157   
213158   
213159   
213200   
213201   
213202   
213203   
213204   
213205   
213206   
213207   
213208   
213209   
213210   
213211   
213212   
213213   
213214   
213215   
213216   
213217   
213218   
213219   
213220   
213221   
213222   
213223   
213224   
213225   
213226   
213227   
213228   
213229   
213230   
213231   
213232   
213233   
213234   
213235   
213236   
213237   
213238   
213239   
213240   
213241   
213242   
213243   
213244   
213245   
213246   
213247   
213248   
213249   
213250   
213251   
213252   
213253   
213254   
213255   
213256   
213257   
213258   
213259   
213300   
213301   
213302   
213303   
213304   
213305   
213306   
213307   
213308   
213309   
213310   
213311   
213312   
213313   
213314   
213315   
213316   
213317   
213318   
213319   
213320   
213321   
213322   
213323   
213324   
213325   
213326   
213327   
213328   
213329   
213330   
213331   
213332   
213333   
213334   
213335   
213336   
213337   
213338   
213339   
213340   
213341   
213342   
213343   
213344   
213345   
213346   
213347   
213348   
213349   
213350   
213351   
213352   
213353   
213354   
213355   
213356   
213357   
213358   
213359   
213400   
213401   
213402   
213403   
213404   
213405   
213406   
213407   
213408   
213409   
213410   
213411   
213412   
213413   
213414   
213415   
213416   
213417   
213418   
213419   
213420   
213421   
213422   
213423   
213424   
213425   
213426   
213427   
213428   
213429   
213430   
213431   
213432   
213433   
213434   
213435   
213436   
213437   
213438   
213439   
213440   
213441   
213442   
213443   
213444   
213445   
213446   
213447   
213448   
213449   
213450   
213451   
213452   
213453   
213454   
213455   
213456   
213457   
213458   
213459   
213500   
213501   
213502   
213503   
213504   
213505   
213506   
213507   
213508   
213509   
213510   
213511   
213512   
213513   
213514   
213515   
213516   
213517   
213518   
213519   
213520   
213521   
213522   
213523   
213524   
213525   
213526   
213527   
213528   
213529   
213530   
213531   
213532   
213533   
213534   
213535   
213536   
213537   
213538   
213539   
213540   
213541   
213542   
213543   
213544   
213545   
213546   
213547   
213548   
213549   
213550   
213551   
213552   
213553   
213554   
213555   
213556   
213557   
213558   
213559   
213600   
213601   
213602   
213603   
213604   
213605   
213606   
213607   
213608   
213609   
213610   
213611   
213612   
213613   
213614   
213615   
213616   
213617   
213618   
213619   
213620   
213621   
213622   
213623   
213624   
213625   
213626   
213627   
213628   
213629   
213630   
213631   
213632   
213633   
213634   
213635   
213636   
213637   
213638   
213639   
213640   
213641   
213642   
213643   
213644   
213645   
213646   
213647   
213648   
213649   
213650   
213651   
213652   
213653   
213654   
213655   
213656   
213657   
213658   
213659   
213700   
213701   
213702   
213703   
213704   
213705   
213706   
213707   
213708   
213709   
213710   
213711   
213712   
213713   
213714   
213715   
213716   
213717   
213718   
213719   
213720   
213721   
213722   
213723   
213724   
213725   
213726   
213727   
213728   
213729   
213730   
213731   
213732   
213733   
213734   
213735   
213736   
213737   
213738   
213739   
213740   
213741   
213742   
213743   
213744   
213745   
213746   
213747   
213748   
213749   
213750   
213751   
213752   
213753   
213754   
213755   
213756   
213757   
213758   
213759   
213800   
213801   
213802   
213803   
213804   
213805   
213806   
213807   
213808   
213809   
213810   
213811   
213812   
213813   
213814   
213815   
213816   
213817   
213818   
213819   
213820   
213821   
213822   
213823   
213824   
213825   
213826   
213827   
213828   
213829   
213830   
213831   
213832   
213833   
213834   
213835   
213836   
213837   
213838   
213839   
213840   
213841   
213842   
213843   
213844   
213845   
213846   
213847   
213848   
213849   
213850   
213851   
213852   
213853   
213854   
213855   
213856   
213857   
213858   
213859   
213900   
213901   
213902   
213903   
213904   
213905   
213906   
213907   
213908   
213909   
213910   
213911   
213912   
213913   
213914   
213915   
213916   
213917   
213918   
213919   
213920   
213921   
213922   
213923   
213924   
213925   
213926   
213927   
213928   
213929   
213930   
213931   
213932   
213933   
213934   
213935   
213936   
213937   
213938   
213939   
213940   
213941   
213942   
213943   
213944   
213945   
213946   
213947   
213948   
213949   
213950   
213951   
213952   
213953   
213954   
213955   
213956   
213957   
213958   
213959   
214000   
214001   
214002   
214003   
214004   
214005   
214006   
214007   
214008   
214009   
214010   
214011   
214012   
214013   
214014   
214015   
214016   
214017   
214018   
214019   
214020   
214021   
214022   
214023   
214024   
214025   
214026   
214027   
214028   
214029   
214030   
214031   
214032   
214033   
214034   
214035   
214036   
214037   
214038   
214039   
214040   
214041   
214042   
214043   
214044   
214045   
214046   
214047   
214048   
214049   
214050   
214051   
214052   
214053   
214054   
214055   
214056   
214057   
214058   
214059   
214100   
214101   
214102   
214103   
214104   
214105   
214106   
214107   
214108   
214109   
214110   
214111   
214112   
214113   
214114   
214115   
214116   
214117   
214118   
214119   
214120   
214121   
214122   
214123   
214124   
214125   
214126   
214127   
214128   
214129   
214130   
214131   
214132   
214133   
214134   
214135   
214136   
214137   
214138   
214139   
214140   
214141   
214142   
214143   
214144   
214145   
214146   
214147   
214148   
214149   
214150   
214151   
214152   
214153   
214154   
214155   
214156   
214157   
214158   
214159   
214200   
214201   
214202   
214203   
214204   
214205   
214206   
214207   
214208   
214209   
214210   
214211   
214212   
214213   
214214   
214215   
214216   
214217   
214218   
214219   
214220   
214221   
214222   
214223   
214224   
214225   
214226   
214227   
214228   
214229   
214230   
214231   
214232   
214233   
214234   
214235   
214236   
214237   
214238   
214239   
214240   
214241   
214242   
214243   
214244   
214245   
214246   
214247   
214248   
214249   
214250   
214251   
214252   
214253   
214254   
214255   
214256   
214257   
214258   
214259   
214300   
214301   
214302   
214303   
214304   
214305   
214306   
214307   
214308   
214309   
214310   
214311   
214312   
214313   
214314   
214315   
214316   
214317   
214318   
214319   
214320   
214321   
214322   
214323   
214324   
214325   
214326   
214327   
214328   
214329   
214330   
214331   
214332   
214333   
214334   
214335   
214336   
214337   
214338   
214339   
214340   
214341   
214342   
214343   
214344   
214345   
214346   
214347   
214348   
214349   
214350   
214351   
214352   
214353   
214354   
214355   
214356   
214357   
214358   
214359   
214400   
214401   
214402   
214403   
214404   
214405   
214406   
214407   
214408   
214409   
214410   
214411   
214412   
214413   
214414   
214415   
214416   
214417   
214418   
214419   
214420   
214421   
214422   
214423   
214424   
214425   
214426   
214427   
214428   
214429   
214430   
214431   
214432   
214433   
214434   
214435   
214436   
214437   
214438   
214439   
214440   
214441   
214442   
214443   
214444   
214445   
214446   
214447   
214448   
214449   
214450   
214451   
214452   
214453   
214454   
214455   
214456   
214457   
214458   
214459   
214500   
214501   
214502   
214503   
214504   
214505   
214506   
214507   
214508   
214509   
214510   
214511   
214512   
214513   
214514   
214515   
214516   
214517   
214518   
214519   
214520   
214521   
214522   
214523   
214524   
214525   
214526   
214527   
214528   
214529   
214530   
214531   
214532   
214533   
214534   
214535   
214536   
214537   
214538   
214539   
214540   
214541   
214542   
214543   
214544   
214545   
214546   
214547   
214548   
214549   
214550   
214551   
214552   
214553   
214554   
214555   
214556   
214557   
214558   
214559   
214600   
214601   
214602   
214603   
214604   
214605   
214606   
214607   
214608   
214609   
214610   
214611   
214612   
214613   
214614   
214615   
214616   
214617   
214618   
214619   
214620   
214621   
214622   
214623   
214624   
214625   
214626   
214627   
214628   
214629   
214630   
214631   
214632   
214633   
214634   
214635   
214636   
214637   
214638   
214639   
214640   
214641   
214642   
214643   
214644   
214645   
214646   
214647   
214648   
214649   
214650   
214651   
214652   
214653   
214654   
214655   
214656   
214657   
214658   
214659   
214700   
214701   
214702   
214703   
214704   
214705   
214706   
214707   
214708   
214709   
214710   
214711   
214712   
214713   
214714   
214715   
214716   
214717   
214718   
214719   
214720   
214721   
214722   
214723   
214724   
214725   
214726   
214727   
214728   
214729   
214730   
214731   
214732   
214733   
214734   
214735   
214736   
214737   
214738   
214739   
214740   
214741   
214742   
214743   
214744   
214745   
214746   
214747   
214748   
214749   
214750   
214751   
214752   
214753   
214754   
214755   
214756   
214757   
214758   
214759   
214800   
214801   
214802   
214803   
214804   
214805   
214806   
214807   
214808   
214809   
214810   
214811   
214812   
214813   
214814   
214815   
214816   
214817   
214818   
214819   
214820   
214821   
214822   
214823   
214824   
214825   
214826   
214827   
214828   
214829   
214830   
214831   
214832   
214833   
214834   
214835   
214836   
214837   
214838   
214839   
214840   
214841   
214842   
214843   
214844   
214845   
214846   
214847   
214848   
214849   
214850   
214851   
214852   
214853   
214854   
214855   
214856   
214857   
214858   
214859   
214900   
214901   
214902   
214903   
214904   
214905   
214906   
214907   
214908   
214909   
214910   
214911   
214912   
214913   
214914   
214915   
214916   
214917   
214918   
214919   
214920   
214921   
214922   
214923   
214924   
214925   
214926   
214927   
214928   
214929   
214930   
214931   
214932   
214933   
214934   
214935   
214936   
214937   
214938   
214939   
214940   
214941   
214942   
214943   
214944   
214945   
214946   
214947   
214948   
214949   
214950   
214951   
214952   
214953   
214954   
214955   
214956   
214957   
214958   
214959   
215000   
215001   
215002   
215003   
215004   
215005   
215006   
215007   
215008   
215009   
215010   
215011   
215012   
215013   
215014   
215015   
215016   
215017   
215018   
215019   
215020   
215021   
215022   
215023   
215024   
215025   
215026   
215027   
215028   
215029   
215030   
215031   
215032   
215033   
215034   
215035   
215036   
215037   
215038   
215039   
215040   
215041   
215042   
215043   
215044   
215045   
215046   
215047   
215048   
215049   
215050   
215051   
215052   
215053   
215054   
215055   
215056   
215057   
215058   
215059   
215100   
215101   
215102   
215103   
215104   
215105   
215106   
215107   
215108   
215109   
215110   
215111   
215112   
215113   
215114   
215115   
215116   
215117   
215118   
215119   
215120   
215121   
215122   
215123   
215124   
215125   
215126   
215127   
215128   
215129   
215130   
215131   
215132   
215133   
215134   
215135   
215136   
215137   
215138   
215139   
215140   
215141   
215142   
215143   
215144   
215145   
215146   
215147   
215148   
215149   
215150   
215151   
215152   
215153   
215154   
215155   
215156   
215157   
215158   
215159   
215200   
215201   
215202   
215203   
215204   
215205   
215206   
215207   
215208   
215209   
215210   
215211   
215212   
215213   
215214   
215215   
215216   
215217   
215218   
215219   
215220   
215221   
215222   
215223   
215224   
215225   
215226   
215227   
215228   
215229   
215230   
215231   
215232   
215233   
215234   
215235   
215236   
215237   
215238   
215239   
215240   
215241   
215242   
215243   
215244   
215245   
215246   
215247   
215248   
215249   
215250   
215251   
215252   
215253   
215254   
215255   
215256   
215257   
215258   
215259   
215300   
215301   
215302   
215303   
215304   
215305   
215306   
215307   
215308   
215309   
215310   
215311   
215312   
215313   
215314   
215315   
215316   
215317   
215318   
215319   
215320   
215321   
215322   
215323   
215324   
215325   
215326   
215327   
215328   
215329   
215330   
215331   
215332   
215333   
215334   
215335   
215336   
215337   
215338   
215339   
215340   
215341   
215342   
215343   
215344   
215345   
215346   
215347   
215348   
215349   
215350   
215351   
215352   
215353   
215354   
215355   
215356   
215357   
215358   
215359   
215400   
215401   
215402   
215403   
215404   
215405   
215406   
215407   
215408   
215409   
215410   
215411   
215412   
215413   
215414   
215415   
215416   
215417   
215418   
215419   
215420   
215421   
215422   
215423   
215424   
215425   
215426   
215427   
215428   
215429   
215430   
215431   
215432   
215433   
215434   
215435   
215436   
215437   
215438   
215439   
215440   
215441   
215442   
215443   
215444   
215445   
215446   
215447   
215448   
215449   
215450   
215451   
215452   
215453   
215454   
215455   
215456   
215457   
215458   
215459   
215500   
215501   
215502   
215503   
215504   
215505   
215506   
215507   
215508   
215509   
215510   
215511   
215512   
215513   
215514   
215515   
215516   
215517   
215518   
215519   
215520   
215521   
215522   
215523   
215524   
215525   
215526   
215527   
215528   
215529   
215530   
215531   
215532   
215533   
215534   
215535   
215536   
215537   
215538   
215539   
215540   
215541   
215542   
215543   
215544   
215545   
215546   
215547   
215548   
215549   
215550   
215551   
215552   
215553   
215554   
215555   
215556   
215557   
215558   
215559   
215600   
215601   
215602   
215603   
215604   
215605   
215606   
215607   
215608   
215609   
215610   
215611   
215612   
215613   
215614   
215615   
215616   
215617   
215618   
215619   
215620   
215621   
215622   
215623   
215624   
215625   
215626   
215627   
215628   
215629   
215630   
215631   
215632   
215633   
215634   
215635   
215636   
215637   
215638   
215639   
215640   
215641   
215642   
215643   
215644   
215645   
215646   
215647   
215648   
215649   
215650   
215651   
215652   
215653   
215654   
215655   
215656   
215657   
215658   
215659   
215700   
215701   
215702   
215703   
215704   
215705   
215706   
215707   
215708   
215709   
215710   
215711   
215712   
215713   
215714   
215715   
215716   
215717   
215718   
215719   
215720   
215721   
215722   
215723   
215724   
215725   
215726   
215727   
215728   
215729   
215730   
215731   
215732   
215733   
215734   
215735   
215736   
215737   
215738   
215739   
215740   
215741   
215742   
215743   
215744   
215745   
215746   
215747   
215748   
215749   
215750   
215751   
215752   
215753   
215754   
215755   
215756   
215757   
215758   
215759   
215800   
215801   
215802   
215803   
215804   
215805   
215806   
215807   
215808   
215809   
215810   
215811   
215812   
215813   
215814   
215815   
215816   
215817   
215818   
215819   
215820   
215821   
215822   
215823   
215824   
215825   
215826   
215827   
215828   
215829   
215830   
215831   
215832   
215833   
215834   
215835   
215836   
215837   
215838   
215839   
215840   
215841   
215842   
215843   
215844   
215845   
215846   
215847   
215848   
215849   
215850   
215851   
215852   
215853   
215854   
215855   
215856   
215857   
215858   
215859   
215900   
215901   
215902   
215903   
215904   
215905   
215906   
215907   
215908   
215909   
215910   
215911   
215912   
215913   
215914   
215915   
215916   
215917   
215918   
215919   
215920   
215921   
215922   
215923   
215924   
215925   
215926   
215927   
215928   
215929   
215930   
215931   
215932   
215933   
215934   
215935   
215936   
215937   
215938   
215939   
215940   
215941   
215942   
215943   
215944   
215945   
215946   
215947   
215948   
215949   
215950   
215951   
215952   
215953   
215954   
215955   
215956   
215957   
215958   
215959   
