220000   
220001   
220002   
220003   
220004   
220005   
220006   
220007   
220008   
220009   
220010   
220011   
220012   
220013   
220014   
220015   
220016   
220017   
220018   
220019   
220020   
220021   
220022   
220023   
220024   
220025   
220026   
220027   
220028   
220029   
220030   
220031   
220032   
220033   
220034   
220035   
220036   
220037   
220038   
220039   
220040   
220041   
220042   
220043   
220044   
220045   
220046   
220047   
220048   
220049   
220050   
220051   
220052   
220053   
220054   
220055   
220056   
220057   
220058   
220059   
220100   
220101   
220102   
220103   
220104   
220105   
220106   
220107   
220108   
220109   
220110   
220111   
220112   
220113   
220114   
220115   
220116   
220117   
220118   
220119   
220120   
220121   
220122   
220123   
220124   
220125   
220126   
220127   
220128   
220129   
220130   
220131   
220132   
220133   
220134   
220135   
220136   
220137   
220138   
220139   
220140   
220141   
220142   
220143   
220144   
220145   
220146   
220147   
220148   
220149   
220150   
220151   
220152   
220153   
220154   
220155   
220156   
220157   
220158   
220159   
220200   
220201   
220202   
220203   
220204   
220205   
220206   
220207   
220208   
220209   
220210   
220211   
220212   
220213   
220214   
220215   
220216   
220217   
220218   
220219   
220220   
220221   
220222   
220223   
220224   
220225   
220226   
220227   
220228   
220229   
220230   
220231   
220232   
220233   
220234   
220235   
220236   
220237   
220238   
220239   
220240   
220241   
220242   
220243   
220244   
220245   
220246   
220247   
220248   
220249   
220250   
220251   
220252   
220253   
220254   
220255   
220256   
220257   
220258   
220259   
220300   
220301   
220302   
220303   
220304   
220305   
220306   
220307   
220308   
220309   
220310   
220311   
220312   
220313   
220314   
220315   
220316   
220317   
220318   
220319   
220320   
220321   
220322   
220323   
220324   
220325   
220326   
220327   
220328   
220329   
220330   
220331   
220332   
220333   
220334   
220335   
220336   
220337   
220338   
220339   
220340   
220341   
220342   
220343   
220344   
220345   
220346   
220347   
220348   
220349   
220350   
220351   
220352   
220353   
220354   
220355   
220356   
220357   
220358   
220359   
220400   
220401   
220402   
220403   
220404   
220405   
220406   
220407   
220408   
220409   
220410   
220411   
220412   
220413   
220414   
220415   
220416   
220417   
220418   
220419   
220420   
220421   
220422   
220423   
220424   
220425   
220426   
220427   
220428   
220429   
220430   
220431   
220432   
220433   
220434   
220435   
220436   
220437   
220438   
220439   
220440   
220441   
220442   
220443   
220444   
220445   
220446   
220447   
220448   
220449   
220450   
220451   
220452   
220453   
220454   
220455   
220456   
220457   
220458   
220459   
220500   
220501   
220502   
220503   
220504   
220505   
220506   
220507   
220508   
220509   
220510   
220511   
220512   
220513   
220514   
220515   
220516   
220517   
220518   
220519   
220520   
220521   
220522   
220523   
220524   
220525   
220526   
220527   
220528   
220529   
220530   
220531   
220532   
220533   
220534   
220535   
220536   
220537   
220538   
220539   
220540   
220541   
220542   
220543   
220544   
220545   
220546   
220547   
220548   
220549   
220550   
220551   
220552   
220553   
220554   
220555   
220556   
220557   
220558   
220559   
220600   
220601   
220602   
220603   
220604   
220605   
220606   
220607   
220608   
220609   
220610   
220611   
220612   
220613   
220614   
220615   
220616   
220617   
220618   
220619   
220620   
220621   
220622   
220623   
220624   
220625   
220626   
220627   
220628   
220629   
220630   
220631   
220632   
220633   
220634   
220635   
220636   
220637   
220638   
220639   
220640   
220641   
220642   
220643   
220644   
220645   
220646   
220647   
220648   
220649   
220650   
220651   
220652   
220653   
220654   
220655   
220656   
220657   
220658   
220659   
220700   
220701   
220702   
220703   
220704   
220705   
220706   
220707   
220708   
220709   
220710   
220711   
220712   
220713   
220714   
220715   
220716   
220717   
220718   
220719   
220720   
220721   
220722   
220723   
220724   
220725   
220726   
220727   
220728   
220729   
220730   
220731   
220732   
220733   
220734   
220735   
220736   
220737   
220738   
220739   
220740   
220741   
220742   
220743   
220744   
220745   
220746   
220747   
220748   
220749   
220750   
220751   
220752   
220753   
220754   
220755   
220756   
220757   
220758   
220759   
220800   
220801   
220802   
220803   
220804   
220805   
220806   
220807   
220808   
220809   
220810   
220811   
220812   
220813   
220814   
220815   
220816   
220817   
220818   
220819   
220820   
220821   
220822   
220823   
220824   
220825   
220826   
220827   
220828   
220829   
220830   
220831   
220832   
220833   
220834   
220835   
220836   
220837   
220838   
220839   
220840   
220841   
220842   
220843   
220844   
220845   
220846   
220847   
220848   
220849   
220850   
220851   
220852   
220853   
220854   
220855   
220856   
220857   
220858   
220859   
220900   
220901   
220902   
220903   
220904   
220905   
220906   
220907   
220908   
220909   
220910   
220911   
220912   
220913   
220914   
220915   
220916   
220917   
220918   
220919   
220920   
220921   
220922   
220923   
220924   
220925   
220926   
220927   
220928   
220929   
220930   
220931   
220932   
220933   
220934   
220935   
220936   
220937   
220938   
220939   
220940   
220941   
220942   
220943   
220944   
220945   
220946   
220947   
220948   
220949   
220950   
220951   
220952   
220953   
220954   
220955   
220956   
220957   
220958   
220959   
221000   
221001   
221002   
221003   
221004   
221005   
221006   
221007   
221008   
221009   
221010   
221011   
221012   
221013   
221014   
221015   
221016   
221017   
221018   
221019   
221020   
221021   
221022   
221023   
221024   
221025   
221026   
221027   
221028   
221029   
221030   
221031   
221032   
221033   
221034   
221035   
221036   
221037   
221038   
221039   
221040   
221041   
221042   
221043   
221044   
221045   
221046   
221047   
221048   
221049   
221050   
221051   
221052   
221053   
221054   
221055   
221056   
221057   
221058   
221059   
221100   
221101   
221102   
221103   
221104   
221105   
221106   
221107   
221108   
221109   
221110   
221111   
221112   
221113   
221114   
221115   
221116   
221117   
221118   
221119   
221120   
221121   
221122   
221123   
221124   
221125   
221126   
221127   
221128   
221129   
221130   
221131   
221132   
221133   
221134   
221135   
221136   
221137   
221138   
221139   
221140   
221141   
221142   
221143   
221144   
221145   
221146   
221147   
221148   
221149   
221150   
221151   
221152   
221153   
221154   
221155   
221156   
221157   
221158   
221159   
221200   
221201   
221202   
221203   
221204   
221205   
221206   
221207   
221208   
221209   
221210   
221211   
221212   
221213   
221214   
221215   
221216   
221217   
221218   
221219   
221220   
221221   
221222   
221223   
221224   
221225   
221226   
221227   
221228   
221229   
221230   
221231   
221232   
221233   
221234   
221235   
221236   
221237   
221238   
221239   
221240   
221241   
221242   
221243   
221244   
221245   
221246   
221247   
221248   
221249   
221250   
221251   
221252   
221253   
221254   
221255   
221256   
221257   
221258   
221259   
221300   
221301   
221302   
221303   
221304   
221305   
221306   
221307   
221308   
221309   
221310   
221311   
221312   
221313   
221314   
221315   
221316   
221317   
221318   
221319   
221320   
221321   
221322   
221323   
221324   
221325   
221326   
221327   
221328   
221329   
221330   
221331   
221332   
221333   
221334   
221335   
221336   
221337   
221338   
221339   
221340   
221341   
221342   
221343   
221344   
221345   
221346   
221347   
221348   
221349   
221350   
221351   
221352   
221353   
221354   
221355   
221356   
221357   
221358   
221359   
221400   
221401   
221402   
221403   
221404   
221405   
221406   
221407   
221408   
221409   
221410   
221411   
221412   
221413   
221414   
221415   
221416   
221417   
221418   
221419   
221420   
221421   
221422   
221423   
221424   
221425   
221426   
221427   
221428   
221429   
221430   
221431   
221432   
221433   
221434   
221435   
221436   
221437   
221438   
221439   
221440   
221441   
221442   
221443   
221444   
221445   
221446   
221447   
221448   
221449   
221450   
221451   
221452   
221453   
221454   
221455   
221456   
221457   
221458   
221459   
221500   
221501   
221502   
221503   
221504   
221505   
221506   
221507   
221508   
221509   
221510   
221511   
221512   
221513   
221514   
221515   
221516   
221517   
221518   
221519   
221520   
221521   
221522   
221523   
221524   
221525   
221526   
221527   
221528   
221529   
221530   
221531   
221532   
221533   
221534   
221535   
221536   
221537   
221538   
221539   
221540   
221541   
221542   
221543   
221544   
221545   
221546   
221547   
221548   
221549   
221550   
221551   
221552   
221553   
221554   
221555   
221556   
221557   
221558   
221559   
221600   
221601   
221602   
221603   
221604   
221605   
221606   
221607   
221608   
221609   
221610   
221611   
221612   
221613   
221614   
221615   
221616   
221617   
221618   
221619   
221620   
221621   
221622   
221623   
221624   
221625   
221626   
221627   
221628   
221629   
221630   
221631   
221632   
221633   
221634   
221635   
221636   
221637   
221638   
221639   
221640   
221641   
221642   
221643   
221644   
221645   
221646   
221647   
221648   
221649   
221650   
221651   
221652   
221653   
221654   
221655   
221656   
221657   
221658   
221659   
221700   
221701   
221702   
221703   
221704   
221705   
221706   
221707   
221708   
221709   
221710   
221711   
221712   
221713   
221714   
221715   
221716   
221717   
221718   
221719   
221720   
221721   
221722   
221723   
221724   
221725   
221726   
221727   
221728   
221729   
221730   
221731   
221732   
221733   
221734   
221735   
221736   
221737   
221738   
221739   
221740   
221741   
221742   
221743   
221744   
221745   
221746   
221747   
221748   
221749   
221750   
221751   
221752   
221753   
221754   
221755   
221756   
221757   
221758   
221759   
221800   
221801   
221802   
221803   
221804   
221805   
221806   
221807   
221808   
221809   
221810   
221811   
221812   
221813   
221814   
221815   
221816   
221817   
221818   
221819   
221820   
221821   
221822   
221823   
221824   
221825   
221826   
221827   
221828   
221829   
221830   
221831   
221832   
221833   
221834   
221835   
221836   
221837   
221838   
221839   
221840   
221841   
221842   
221843   
221844   
221845   
221846   
221847   
221848   
221849   
221850   
221851   
221852   
221853   
221854   
221855   
221856   
221857   
221858   
221859   
221900   
221901   
221902   
221903   
221904   
221905   
221906   
221907   
221908   
221909   
221910   
221911   
221912   
221913   
221914   
221915   
221916   
221917   
221918   
221919   
221920   
221921   
221922   
221923   
221924   
221925   
221926   
221927   
221928   
221929   
221930   
221931   
221932   
221933   
221934   
221935   
221936   
221937   
221938   
221939   
221940   
221941   
221942   
221943   
221944   
221945   
221946   
221947   
221948   
221949   
221950   
221951   
221952   
221953   
221954   
221955   
221956   
221957   
221958   
221959   
222000   
222001   
222002   
222003   
222004   
222005   
222006   
222007   
222008   
222009   
222010   
222011   
222012   
222013   
222014   
222015   
222016   
222017   
222018   
222019   
222020   
222021   
222022   
222023   
222024   
222025   
222026   
222027   
222028   
222029   
222030   
222031   
222032   
222033   
222034   
222035   
222036   
222037   
222038   
222039   
222040   
222041   
222042   
222043   
222044   
222045   
222046   
222047   
222048   
222049   
222050   
222051   
222052   
222053   
222054   
222055   
222056   
222057   
222058   
222059   
222100   
222101   
222102   
222103   
222104   
222105   
222106   
222107   
222108   
222109   
222110   
222111   
222112   
222113   
222114   
222115   
222116   
222117   
222118   
222119   
222120   
222121   
222122   
222123   
222124   
222125   
222126   
222127   
222128   
222129   
222130   
222131   
222132   
222133   
222134   
222135   
222136   
222137   
222138   
222139   
222140   
222141   
222142   
222143   
222144   
222145   
222146   
222147   
222148   
222149   
222150   
222151   
222152   
222153   
222154   
222155   
222156   
222157   
222158   
222159   
222200   
222201   
222202   
222203   
222204   
222205   
222206   
222207   
222208   
222209   
222210   
222211   
222212   
222213   
222214   
222215   
222216   
222217   
222218   
222219   
222220   
222221   
222222   
222223   
222224   
222225   
222226   
222227   
222228   
222229   
222230   
222231   
222232   
222233   
222234   
222235   
222236   
222237   
222238   
222239   
222240   
222241   
222242   
222243   
222244   
222245   
222246   
222247   
222248   
222249   
222250   
222251   
222252   
222253   
222254   
222255   
222256   
222257   
222258   
222259   
222300   
222301   
222302   
222303   
222304   
222305   
222306   
222307   
222308   
222309   
222310   
222311   
222312   
222313   
222314   
222315   
222316   
222317   
222318   
222319   
222320   
222321   
222322   
222323   
222324   
222325   
222326   
222327   
222328   
222329   
222330   
222331   
222332   
222333   
222334   
222335   
222336   
222337   
222338   
222339   
222340   
222341   
222342   
222343   
222344   
222345   
222346   
222347   
222348   
222349   
222350   
222351   
222352   
222353   
222354   
222355   
222356   
222357   
222358   
222359   
222400   
222401   
222402   
222403   
222404   
222405   
222406   
222407   
222408   
222409   
222410   
222411   
222412   
222413   
222414   
222415   
222416   
222417   
222418   
222419   
222420   
222421   
222422   
222423   
222424   
222425   
222426   
222427   
222428   
222429   
222430   
222431   
222432   
222433   
222434   
222435   
222436   
222437   
222438   
222439   
222440   
222441   
222442   
222443   
222444   
222445   
222446   
222447   
222448   
222449   
222450   
222451   
222452   
222453   
222454   
222455   
222456   
222457   
222458   
222459   
222500   
222501   
222502   
222503   
222504   
222505   
222506   
222507   
222508   
222509   
222510   
222511   
222512   
222513   
222514   
222515   
222516   
222517   
222518   
222519   
222520   
222521   
222522   
222523   
222524   
222525   
222526   
222527   
222528   
222529   
222530   
222531   
222532   
222533   
222534   
222535   
222536   
222537   
222538   
222539   
222540   
222541   
222542   
222543   
222544   
222545   
222546   
222547   
222548   
222549   
222550   
222551   
222552   
222553   
222554   
222555   
222556   
222557   
222558   
222559   
222600   
222601   
222602   
222603   
222604   
222605   
222606   
222607   
222608   
222609   
222610   
222611   
222612   
222613   
222614   
222615   
222616   
222617   
222618   
222619   
222620   
222621   
222622   
222623   
222624   
222625   
222626   
222627   
222628   
222629   
222630   
222631   
222632   
222633   
222634   
222635   
222636   
222637   
222638   
222639   
222640   
222641   
222642   
222643   
222644   
222645   
222646   
222647   
222648   
222649   
222650   
222651   
222652   
222653   
222654   
222655   
222656   
222657   
222658   
222659   
222700   
222701   
222702   
222703   
222704   
222705   
222706   
222707   
222708   
222709   
222710   
222711   
222712   
222713   
222714   
222715   
222716   
222717   
222718   
222719   
222720   
222721   
222722   
222723   
222724   
222725   
222726   
222727   
222728   
222729   
222730   
222731   
222732   
222733   
222734   
222735   
222736   
222737   
222738   
222739   
222740   
222741   
222742   
222743   
222744   
222745   
222746   
222747   
222748   
222749   
222750   
222751   
222752   
222753   
222754   
222755   
222756   
222757   
222758   
222759   
222800   
222801   
222802   
222803   
222804   
222805   
222806   
222807   
222808   
222809   
222810   
222811   
222812   
222813   
222814   
222815   
222816   
222817   
222818   
222819   
222820   
222821   
222822   
222823   
222824   
222825   
222826   
222827   
222828   
222829   
222830   
222831   
222832   
222833   
222834   
222835   
222836   
222837   
222838   
222839   
222840   
222841   
222842   
222843   
222844   
222845   
222846   
222847   
222848   
222849   
222850   
222851   
222852   
222853   
222854   
222855   
222856   
222857   
222858   
222859   
222900   
222901   
222902   
222903   
222904   
222905   
222906   
222907   
222908   
222909   
222910   
222911   
222912   
222913   
222914   
222915   
222916   
222917   
222918   
222919   
222920   
222921   
222922   
222923   
222924   
222925   
222926   
222927   
222928   
222929   
222930   
222931   
222932   
222933   
222934   
222935   
222936   
222937   
222938   
222939   
222940   
222941   
222942   
222943   
222944   
222945   
222946   
222947   
222948   
222949   
222950   
222951   
222952   
222953   
222954   
222955   
222956   
222957   
222958   
222959   
223000   
223001   
223002   
223003   
223004   
223005   
223006   
223007   
223008   
223009   
223010   
223011   
223012   
223013   
223014   
223015   
223016   
223017   
223018   
223019   
223020   
223021   
223022   
223023   
223024   
223025   
223026   
223027   
223028   
223029   
223030   
223031   
223032   
223033   
223034   
223035   
223036   
223037   
223038   
223039   
223040   
223041   
223042   
223043   
223044   
223045   
223046   
223047   
223048   
223049   
223050   
223051   
223052   
223053   
223054   
223055   
223056   
223057   
223058   
223059   
223100   
223101   
223102   
223103   
223104   
223105   
223106   
223107   
223108   
223109   
223110   
223111   
223112   
223113   
223114   
223115   
223116   
223117   
223118   
223119   
223120   
223121   
223122   
223123   
223124   
223125   
223126   
223127   
223128   
223129   
223130   
223131   
223132   
223133   
223134   
223135   
223136   
223137   
223138   
223139   
223140   
223141   
223142   
223143   
223144   
223145   
223146   
223147   
223148   
223149   
223150   
223151   
223152   
223153   
223154   
223155   
223156   
223157   
223158   
223159   
223200   
223201   
223202   
223203   
223204   
223205   
223206   
223207   
223208   
223209   
223210   
223211   
223212   
223213   
223214   
223215   
223216   
223217   
223218   
223219   
223220   
223221   
223222   
223223   
223224   
223225   
223226   
223227   
223228   
223229   
223230   
223231   
223232   
223233   
223234   
223235   
223236   
223237   
223238   
223239   
223240   
223241   
223242   
223243   
223244   
223245   
223246   
223247   
223248   
223249   
223250   
223251   
223252   
223253   
223254   
223255   
223256   
223257   
223258   
223259   
223300   
223301   
223302   
223303   
223304   
223305   
223306   
223307   
223308   
223309   
223310   
223311   
223312   
223313   
223314   
223315   
223316   
223317   
223318   
223319   
223320   
223321   
223322   
223323   
223324   
223325   
223326   
223327   
223328   
223329   
223330   
223331   
223332   
223333   
223334   
223335   
223336   
223337   
223338   
223339   
223340   
223341   
223342   
223343   
223344   
223345   
223346   
223347   
223348   
223349   
223350   
223351   
223352   
223353   
223354   
223355   
223356   
223357   
223358   
223359   
223400   
223401   
223402   
223403   
223404   
223405   
223406   
223407   
223408   
223409   
223410   
223411   
223412   
223413   
223414   
223415   
223416   
223417   
223418   
223419   
223420   
223421   
223422   
223423   
223424   
223425   
223426   
223427   
223428   
223429   
223430   
223431   
223432   
223433   
223434   
223435   
223436   
223437   
223438   
223439   
223440   
223441   
223442   
223443   
223444   
223445   
223446   
223447   
223448   
223449   
223450   
223451   
223452   
223453   
223454   
223455   
223456   
223457   
223458   
223459   
223500   
223501   
223502   
223503   
223504   
223505   
223506   
223507   
223508   
223509   
223510   
223511   
223512   
223513   
223514   
223515   
223516   
223517   
223518   
223519   
223520   
223521   
223522   
223523   
223524   
223525   
223526   
223527   
223528   
223529   
223530   
223531   
223532   
223533   
223534   
223535   
223536   
223537   
223538   
223539   
223540   
223541   
223542   
223543   
223544   
223545   
223546   
223547   
223548   
223549   
223550   
223551   
223552   
223553   
223554   
223555   
223556   
223557   
223558   
223559   
223600   
223601   
223602   
223603   
223604   
223605   
223606   
223607   
223608   
223609   
223610   
223611   
223612   
223613   
223614   
223615   
223616   
223617   
223618   
223619   
223620   
223621   
223622   
223623   
223624   
223625   
223626   
223627   
223628   
223629   
223630   
223631   
223632   
223633   
223634   
223635   
223636   
223637   
223638   
223639   
223640   
223641   
223642   
223643   
223644   
223645   
223646   
223647   
223648   
223649   
223650   
223651   
223652   
223653   
223654   
223655   
223656   
223657   
223658   
223659   
223700   
223701   
223702   
223703   
223704   
223705   
223706   
223707   
223708   
223709   
223710   
223711   
223712   
223713   
223714   
223715   
223716   
223717   
223718   
223719   
223720   
223721   
223722   
223723   
223724   
223725   
223726   
223727   
223728   
223729   
223730   
223731   
223732   
223733   
223734   
223735   
223736   
223737   
223738   
223739   
223740   
223741   
223742   
223743   
223744   
223745   
223746   
223747   
223748   
223749   
223750   
223751   
223752   
223753   
223754   
223755   
223756   
223757   
223758   
223759   
223800   
223801   
223802   
223803   
223804   
223805   
223806   
223807   
223808   
223809   
223810   
223811   
223812   
223813   
223814   
223815   
223816   
223817   
223818   
223819   
223820   
223821   
223822   
223823   
223824   
223825   
223826   
223827   
223828   
223829   
223830   
223831   
223832   
223833   
223834   
223835   
223836   
223837   
223838   
223839   
223840   
223841   
223842   
223843   
223844   
223845   
223846   
223847   
223848   
223849   
223850   
223851   
223852   
223853   
223854   
223855   
223856   
223857   
223858   
223859   
223900   
223901   
223902   
223903   
223904   
223905   
223906   
223907   
223908   
223909   
223910   
223911   
223912   
223913   
223914   
223915   
223916   
223917   
223918   
223919   
223920   
223921   
223922   
223923   
223924   
223925   
223926   
223927   
223928   
223929   
223930   
223931   
223932   
223933   
223934   
223935   
223936   
223937   
223938   
223939   
223940   
223941   
223942   
223943   
223944   
223945   
223946   
223947   
223948   
223949   
223950   
223951   
223952   
223953   
223954   
223955   
223956   
223957   
223958   
223959   
224000   
224001   
224002   
224003   
224004   
224005   
224006   
224007   
224008   
224009   
224010   
224011   
224012   
224013   
224014   
224015   
224016   
224017   
224018   
224019   
224020   
224021   
224022   
224023   
224024   
224025   
224026   
224027   
224028   
224029   
224030   
224031   
224032   
224033   
224034   
224035   
224036   
224037   
224038   
224039   
224040   
224041   
224042   
224043   
224044   
224045   
224046   
224047   
224048   
224049   
224050   
224051   
224052   
224053   
224054   
224055   
224056   
224057   
224058   
224059   
224100   
224101   
224102   
224103   
224104   
224105   
224106   
224107   
224108   
224109   
224110   
224111   
224112   
224113   
224114   
224115   
224116   
224117   
224118   
224119   
224120   
224121   
224122   
224123   
224124   
224125   
224126   
224127   
224128   
224129   
224130   
224131   
224132   
224133   
224134   
224135   
224136   
224137   
224138   
224139   
224140   
224141   
224142   
224143   
224144   
224145   
224146   
224147   
224148   
224149   
224150   
224151   
224152   
224153   
224154   
224155   
224156   
224157   
224158   
224159   
224200   
224201   
224202   
224203   
224204   
224205   
224206   
224207   
224208   
224209   
224210   
224211   
224212   
224213   
224214   
224215   
224216   
224217   
224218   
224219   
224220   
224221   
224222   
224223   
224224   
224225   
224226   
224227   
224228   
224229   
224230   
224231   
224232   
224233   
224234   
224235   
224236   
224237   
224238   
224239   
224240   
224241   
224242   
224243   
224244   
224245   
224246   
224247   
224248   
224249   
224250   
224251   
224252   
224253   
224254   
224255   
224256   
224257   
224258   
224259   
224300   
224301   
224302   
224303   
224304   
224305   
224306   
224307   
224308   
224309   
224310   
224311   
224312   
224313   
224314   
224315   
224316   
224317   
224318   
224319   
224320   
224321   
224322   
224323   
224324   
224325   
224326   
224327   
224328   
224329   
224330   
224331   
224332   
224333   
224334   
224335   
224336   
224337   
224338   
224339   
224340   
224341   
224342   
224343   
224344   
224345   
224346   
224347   
224348   
224349   
224350   
224351   
224352   
224353   
224354   
224355   
224356   
224357   
224358   
224359   
224400   
224401   
224402   
224403   
224404   
224405   
224406   
224407   
224408   
224409   
224410   
224411   
224412   
224413   
224414   
224415   
224416   
224417   
224418   
224419   
224420   
224421   
224422   
224423   
224424   
224425   
224426   
224427   
224428   
224429   
224430   
224431   
224432   
224433   
224434   
224435   
224436   
224437   
224438   
224439   
224440   
224441   
224442   
224443   
224444   
224445   
224446   
224447   
224448   
224449   
224450   
224451   
224452   
224453   
224454   
224455   
224456   
224457   
224458   
224459   
224500   
224501   
224502   
224503   
224504   
224505   
224506   
224507   
224508   
224509   
224510   
224511   
224512   
224513   
224514   
224515   
224516   
224517   
224518   
224519   
224520   
224521   
224522   
224523   
224524   
224525   
224526   
224527   
224528   
224529   
224530   
224531   
224532   
224533   
224534   
224535   
224536   
224537   
224538   
224539   
224540   
224541   
224542   
224543   
224544   
224545   
224546   
224547   
224548   
224549   
224550   
224551   
224552   
224553   
224554   
224555   
224556   
224557   
224558   
224559   
224600   
224601   
224602   
224603   
224604   
224605   
224606   
224607   
224608   
224609   
224610   
224611   
224612   
224613   
224614   
224615   
224616   
224617   
224618   
224619   
224620   
224621   
224622   
224623   
224624   
224625   
224626   
224627   
224628   
224629   
224630   
224631   
224632   
224633   
224634   
224635   
224636   
224637   
224638   
224639   
224640   
224641   
224642   
224643   
224644   
224645   
224646   
224647   
224648   
224649   
224650   
224651   
224652   
224653   
224654   
224655   
224656   
224657   
224658   
224659   
224700   
224701   
224702   
224703   
224704   
224705   
224706   
224707   
224708   
224709   
224710   
224711   
224712   
224713   
224714   
224715   
224716   
224717   
224718   
224719   
224720   
224721   
224722   
224723   
224724   
224725   
224726   
224727   
224728   
224729   
224730   
224731   
224732   
224733   
224734   
224735   
224736   
224737   
224738   
224739   
224740   
224741   
224742   
224743   
224744   
224745   
224746   
224747   
224748   
224749   
224750   
224751   
224752   
224753   
224754   
224755   
224756   
224757   
224758   
224759   
224800   
224801   
224802   
224803   
224804   
224805   
224806   
224807   
224808   
224809   
224810   
224811   
224812   
224813   
224814   
224815   
224816   
224817   
224818   
224819   
224820   
224821   
224822   
224823   
224824   
224825   
224826   
224827   
224828   
224829   
224830   
224831   
224832   
224833   
224834   
224835   
224836   
224837   
224838   
224839   
224840   
224841   
224842   
224843   
224844   
224845   
224846   
224847   
224848   
224849   
224850   
224851   
224852   
224853   
224854   
224855   
224856   
224857   
224858   
224859   
224900   
224901   
224902   
224903   
224904   
224905   
224906   
224907   
224908   
224909   
224910   
224911   
224912   
224913   
224914   
224915   
224916   
224917   
224918   
224919   
224920   
224921   
224922   
224923   
224924   
224925   
224926   
224927   
224928   
224929   
224930   
224931   
224932   
224933   
224934   
224935   
224936   
224937   
224938   
224939   
224940   
224941   
224942   
224943   
224944   
224945   
224946   
224947   
224948   
224949   
224950   
224951   
224952   
224953   
224954   
224955   
224956   
224957   
224958   
224959   
225000   
225001   
225002   
225003   
225004   
225005   
225006   
225007   
225008   
225009   
225010   
225011   
225012   
225013   
225014   
225015   
225016   
225017   
225018   
225019   
225020   
225021   
225022   
225023   
225024   
225025   
225026   
225027   
225028   
225029   
225030   
225031   
225032   
225033   
225034   
225035   
225036   
225037   
225038   
225039   
225040   
225041   
225042   
225043   
225044   
225045   
225046   
225047   
225048   
225049   
225050   
225051   
225052   
225053   
225054   
225055   
225056   
225057   
225058   
225059   
225100   
225101   
225102   
225103   
225104   
225105   
225106   
225107   
225108   
225109   
225110   
225111   
225112   
225113   
225114   
225115   
225116   
225117   
225118   
225119   
225120   
225121   
225122   
225123   
225124   
225125   
225126   
225127   
225128   
225129   
225130   
225131   
225132   
225133   
225134   
225135   
225136   
225137   
225138   
225139   
225140   
225141   
225142   
225143   
225144   
225145   
225146   
225147   
225148   
225149   
225150   
225151   
225152   
225153   
225154   
225155   
225156   
225157   
225158   
225159   
225200   
225201   
225202   
225203   
225204   
225205   
225206   
225207   
225208   
225209   
225210   
225211   
225212   
225213   
225214   
225215   
225216   
225217   
225218   
225219   
225220   
225221   
225222   
225223   
225224   
225225   
225226   
225227   
225228   
225229   
225230   
225231   
225232   
225233   
225234   
225235   
225236   
225237   
225238   
225239   
225240   
225241   
225242   
225243   
225244   
225245   
225246   
225247   
225248   
225249   
225250   
225251   
225252   
225253   
225254   
225255   
225256   
225257   
225258   
225259   
225300   
225301   
225302   
225303   
225304   
225305   
225306   
225307   
225308   
225309   
225310   
225311   
225312   
225313   
225314   
225315   
225316   
225317   
225318   
225319   
225320   
225321   
225322   
225323   
225324   
225325   
225326   
225327   
225328   
225329   
225330   
225331   
225332   
225333   
225334   
225335   
225336   
225337   
225338   
225339   
225340   
225341   
225342   
225343   
225344   
225345   
225346   
225347   
225348   
225349   
225350   
225351   
225352   
225353   
225354   
225355   
225356   
225357   
225358   
225359   
225400   
225401   
225402   
225403   
225404   
225405   
225406   
225407   
225408   
225409   
225410   
225411   
225412   
225413   
225414   
225415   
225416   
225417   
225418   
225419   
225420   
225421   
225422   
225423   
225424   
225425   
225426   
225427   
225428   
225429   
225430   
225431   
225432   
225433   
225434   
225435   
225436   
225437   
225438   
225439   
225440   
225441   
225442   
225443   
225444   
225445   
225446   
225447   
225448   
225449   
225450   
225451   
225452   
225453   
225454   
225455   
225456   
225457   
225458   
225459   
225500   
225501   
225502   
225503   
225504   
225505   
225506   
225507   
225508   
225509   
225510   
225511   
225512   
225513   
225514   
225515   
225516   
225517   
225518   
225519   
225520   
225521   
225522   
225523   
225524   
225525   
225526   
225527   
225528   
225529   
225530   
225531   
225532   
225533   
225534   
225535   
225536   
225537   
225538   
225539   
225540   
225541   
225542   
225543   
225544   
225545   
225546   
225547   
225548   
225549   
225550   
225551   
225552   
225553   
225554   
225555   
225556   
225557   
225558   
225559   
225600   
225601   
225602   
225603   
225604   
225605   
225606   
225607   
225608   
225609   
225610   
225611   
225612   
225613   
225614   
225615   
225616   
225617   
225618   
225619   
225620   
225621   
225622   
225623   
225624   
225625   
225626   
225627   
225628   
225629   
225630   
225631   
225632   
225633   
225634   
225635   
225636   
225637   
225638   
225639   
225640   
225641   
225642   
225643   
225644   
225645   
225646   
225647   
225648   
225649   
225650   
225651   
225652   
225653   
225654   
225655   
225656   
225657   
225658   
225659   
225700   
225701   
225702   
225703   
225704   
225705   
225706   
225707   
225708   
225709   
225710   
225711   
225712   
225713   
225714   
225715   
225716   
225717   
225718   
225719   
225720   
225721   
225722   
225723   
225724   
225725   
225726   
225727   
225728   
225729   
225730   
225731   
225732   
225733   
225734   
225735   
225736   
225737   
225738   
225739   
225740   
225741   
225742   
225743   
225744   
225745   
225746   
225747   
225748   
225749   
225750   
225751   
225752   
225753   
225754   
225755   
225756   
225757   
225758   
225759   
225800   
225801   
225802   
225803   
225804   
225805   
225806   
225807   
225808   
225809   
225810   
225811   
225812   
225813   
225814   
225815   
225816   
225817   
225818   
225819   
225820   
225821   
225822   
225823   
225824   
225825   
225826   
225827   
225828   
225829   
225830   
225831   
225832   
225833   
225834   
225835   
225836   
225837   
225838   
225839   
225840   
225841   
225842   
225843   
225844   
225845   
225846   
225847   
225848   
225849   
225850   
225851   
225852   
225853   
225854   
225855   
225856   
225857   
225858   
225859   
225900   
225901   
225902   
225903   
225904   
225905   
225906   
225907   
225908   
225909   
225910   
225911   
225912   
225913   
225914   
225915   
225916   
225917   
225918   
225919   
225920   
225921   
225922   
225923   
225924   
225925   
225926   
225927   
225928   
225929   
225930   
225931   
225932   
225933   
225934   
225935   
225936   
225937   
225938   
225939   
225940   
225941   
225942   
225943   
225944   
225945   
225946   
225947   
225948   
225949   
225950   
225951   
225952   
225953   
225954   
225955   
225956   
225957   
225958   
225959   
