230000   
230001   
230002   
230003   
230004   
230005   
230006   
230007   
230008   
230009   
230010   
230011   
230012   
230013   
230014   
230015   
230016   
230017   
230018   
230019   
230020   
230021   
230022   
230023   
230024   
230025   
230026   
230027   
230028   
230029   
230030   
230031   
230032   
230033   
230034   
230035   
230036   
230037   
230038   
230039   
230040   
230041   
230042   
230043   
230044   
230045   
230046   
230047   
230048   
230049   
230050   
230051   
230052   
230053   
230054   
230055   
230056   
230057   
230058   
230059   
230100   
230101   
230102   
230103   
230104   
230105   
230106   
230107   
230108   
230109   
230110   
230111   
230112   
230113   
230114   
230115   
230116   
230117   
230118   
230119   
230120   
230121   
230122   
230123   
230124   
230125   
230126   
230127   
230128   
230129   
230130   
230131   
230132   
230133   
230134   
230135   
230136   
230137   
230138   
230139   
230140   
230141   
230142   
230143   
230144   
230145   
230146   
230147   
230148   
230149   
230150   
230151   
230152   
230153   
230154   
230155   
230156   
230157   
230158   
230159   
230200   
230201   
230202   
230203   
230204   
230205   
230206   
230207   
230208   
230209   
230210   
230211   
230212   
230213   
230214   
230215   
230216   
230217   
230218   
230219   
230220   
230221   
230222   
230223   
230224   
230225   
230226   
230227   
230228   
230229   
230230   
230231   
230232   
230233   
230234   
230235   
230236   
230237   
230238   
230239   
230240   
230241   
230242   
230243   
230244   
230245   
230246   
230247   
230248   
230249   
230250   
230251   
230252   
230253   
230254   
230255   
230256   
230257   
230258   
230259   
230300   
230301   
230302   
230303   
230304   
230305   
230306   
230307   
230308   
230309   
230310   
230311   
230312   
230313   
230314   
230315   
230316   
230317   
230318   
230319   
230320   
230321   
230322   
230323   
230324   
230325   
230326   
230327   
230328   
230329   
230330   
230331   
230332   
230333   
230334   
230335   
230336   
230337   
230338   
230339   
230340   
230341   
230342   
230343   
230344   
230345   
230346   
230347   
230348   
230349   
230350   
230351   
230352   
230353   
230354   
230355   
230356   
230357   
230358   
230359   
230400   
230401   
230402   
230403   
230404   
230405   
230406   
230407   
230408   
230409   
230410   
230411   
230412   
230413   
230414   
230415   
230416   
230417   
230418   
230419   
230420   
230421   
230422   
230423   
230424   
230425   
230426   
230427   
230428   
230429   
230430   
230431   
230432   
230433   
230434   
230435   
230436   
230437   
230438   
230439   
230440   
230441   
230442   
230443   
230444   
230445   
230446   
230447   
230448   
230449   
230450   
230451   
230452   
230453   
230454   
230455   
230456   
230457   
230458   
230459   
230500   
230501   
230502   
230503   
230504   
230505   
230506   
230507   
230508   
230509   
230510   
230511   
230512   
230513   
230514   
230515   
230516   
230517   
230518   
230519   
230520   
230521   
230522   
230523   
230524   
230525   
230526   
230527   
230528   
230529   
230530   
230531   
230532   
230533   
230534   
230535   
230536   
230537   
230538   
230539   
230540   
230541   
230542   
230543   
230544   
230545   
230546   
230547   
230548   
230549   
230550   
230551   
230552   
230553   
230554   
230555   
230556   
230557   
230558   
230559   
230600   
230601   
230602   
230603   
230604   
230605   
230606   
230607   
230608   
230609   
230610   
230611   
230612   
230613   
230614   
230615   
230616   
230617   
230618   
230619   
230620   
230621   
230622   
230623   
230624   
230625   
230626   
230627   
230628   
230629   
230630   
230631   
230632   
230633   
230634   
230635   
230636   
230637   
230638   
230639   
230640   
230641   
230642   
230643   
230644   
230645   
230646   
230647   
230648   
230649   
230650   
230651   
230652   
230653   
230654   
230655   
230656   
230657   
230658   
230659   
230700   
230701   
230702   
230703   
230704   
230705   
230706   
230707   
230708   
230709   
230710   
230711   
230712   
230713   
230714   
230715   
230716   
230717   
230718   
230719   
230720   
230721   
230722   
230723   
230724   
230725   
230726   
230727   
230728   
230729   
230730   
230731   
230732   
230733   
230734   
230735   
230736   
230737   
230738   
230739   
230740   
230741   
230742   
230743   
230744   
230745   
230746   
230747   
230748   
230749   
230750   
230751   
230752   
230753   
230754   
230755   
230756   
230757   
230758   
230759   
230800   
230801   
230802   
230803   
230804   
230805   
230806   
230807   
230808   
230809   
230810   
230811   
230812   
230813   
230814   
230815   
230816   
230817   
230818   
230819   
230820   
230821   
230822   
230823   
230824   
230825   
230826   
230827   
230828   
230829   
230830   
230831   
230832   
230833   
230834   
230835   
230836   
230837   
230838   
230839   
230840   
230841   
230842   
230843   
230844   
230845   
230846   
230847   
230848   
230849   
230850   
230851   
230852   
230853   
230854   
230855   
230856   
230857   
230858   
230859   
230900   
230901   
230902   
230903   
230904   
230905   
230906   
230907   
230908   
230909   
230910   
230911   
230912   
230913   
230914   
230915   
230916   
230917   
230918   
230919   
230920   
230921   
230922   
230923   
230924   
230925   
230926   
230927   
230928   
230929   
230930   
230931   
230932   
230933   
230934   
230935   
230936   
230937   
230938   
230939   
230940   
230941   
230942   
230943   
230944   
230945   
230946   
230947   
230948   
230949   
230950   
230951   
230952   
230953   
230954   
230955   
230956   
230957   
230958   
230959   
231000   
231001   
231002   
231003   
231004   
231005   
231006   
231007   
231008   
231009   
231010   
231011   
231012   
231013   
231014   
231015   
231016   
231017   
231018   
231019   
231020   
231021   
231022   
231023   
231024   
231025   
231026   
231027   
231028   
231029   
231030   
231031   
231032   
231033   
231034   
231035   
231036   
231037   
231038   
231039   
231040   
231041   
231042   
231043   
231044   
231045   
231046   
231047   
231048   
231049   
231050   
231051   
231052   
231053   
231054   
231055   
231056   
231057   
231058   
231059   
231100   
231101   
231102   
231103   
231104   
231105   
231106   
231107   
231108   
231109   
231110   
231111   
231112   
231113   
231114   
231115   
231116   
231117   
231118   
231119   
231120   
231121   
231122   
231123   
231124   
231125   
231126   
231127   
231128   
231129   
231130   
231131   
231132   
231133   
231134   
231135   
231136   
231137   
231138   
231139   
231140   
231141   
231142   
231143   
231144   
231145   
231146   
231147   
231148   
231149   
231150   
231151   
231152   
231153   
231154   
231155   
231156   
231157   
231158   
231159   
231200   
231201   
231202   
231203   
231204   
231205   
231206   
231207   
231208   
231209   
231210   
231211   
231212   
231213   
231214   
231215   
231216   
231217   
231218   
231219   
231220   
231221   
231222   
231223   
231224   
231225   
231226   
231227   
231228   
231229   
231230   
231231   
231232   
231233   
231234   
231235   
231236   
231237   
231238   
231239   
231240   
231241   
231242   
231243   
231244   
231245   
231246   
231247   
231248   
231249   
231250   
231251   
231252   
231253   
231254   
231255   
231256   
231257   
231258   
231259   
231300   
231301   
231302   
231303   
231304   
231305   
231306   
231307   
231308   
231309   
231310   
231311   
231312   
231313   
231314   
231315   
231316   
231317   
231318   
231319   
231320   
231321   
231322   
231323   
231324   
231325   
231326   
231327   
231328   
231329   
231330   
231331   
231332   
231333   
231334   
231335   
231336   
231337   
231338   
231339   
231340   
231341   
231342   
231343   
231344   
231345   
231346   
231347   
231348   
231349   
231350   
231351   
231352   
231353   
231354   
231355   
231356   
231357   
231358   
231359   
231400   
231401   
231402   
231403   
231404   
231405   
231406   
231407   
231408   
231409   
231410   
231411   
231412   
231413   
231414   
231415   
231416   
231417   
231418   
231419   
231420   
231421   
231422   
231423   
231424   
231425   
231426   
231427   
231428   
231429   
231430   
231431   
231432   
231433   
231434   
231435   
231436   
231437   
231438   
231439   
231440   
231441   
231442   
231443   
231444   
231445   
231446   
231447   
231448   
231449   
231450   
231451   
231452   
231453   
231454   
231455   
231456   
231457   
231458   
231459   
231500   
231501   
231502   
231503   
231504   
231505   
231506   
231507   
231508   
231509   
231510   
231511   
231512   
231513   
231514   
231515   
231516   
231517   
231518   
231519   
231520   
231521   
231522   
231523   
231524   
231525   
231526   
231527   
231528   
231529   
231530   
231531   
231532   
231533   
231534   
231535   
231536   
231537   
231538   
231539   
231540   
231541   
231542   
231543   
231544   
231545   
231546   
231547   
231548   
231549   
231550   
231551   
231552   
231553   
231554   
231555   
231556   
231557   
231558   
231559   
231600   
231601   
231602   
231603   
231604   
231605   
231606   
231607   
231608   
231609   
231610   
231611   
231612   
231613   
231614   
231615   
231616   
231617   
231618   
231619   
231620   
231621   
231622   
231623   
231624   
231625   
231626   
231627   
231628   
231629   
231630   
231631   
231632   
231633   
231634   
231635   
231636   
231637   
231638   
231639   
231640   
231641   
231642   
231643   
231644   
231645   
231646   
231647   
231648   
231649   
231650   
231651   
231652   
231653   
231654   
231655   
231656   
231657   
231658   
231659   
231700   
231701   
231702   
231703   
231704   
231705   
231706   
231707   
231708   
231709   
231710   
231711   
231712   
231713   
231714   
231715   
231716   
231717   
231718   
231719   
231720   
231721   
231722   
231723   
231724   
231725   
231726   
231727   
231728   
231729   
231730   
231731   
231732   
231733   
231734   
231735   
231736   
231737   
231738   
231739   
231740   
231741   
231742   
231743   
231744   
231745   
231746   
231747   
231748   
231749   
231750   
231751   
231752   
231753   
231754   
231755   
231756   
231757   
231758   
231759   
231800   
231801   
231802   
231803   
231804   
231805   
231806   
231807   
231808   
231809   
231810   
231811   
231812   
231813   
231814   
231815   
231816   
231817   
231818   
231819   
231820   
231821   
231822   
231823   
231824   
231825   
231826   
231827   
231828   
231829   
231830   
231831   
231832   
231833   
231834   
231835   
231836   
231837   
231838   
231839   
231840   
231841   
231842   
231843   
231844   
231845   
231846   
231847   
231848   
231849   
231850   
231851   
231852   
231853   
231854   
231855   
231856   
231857   
231858   
231859   
231900   
231901   
231902   
231903   
231904   
231905   
231906   
231907   
231908   
231909   
231910   
231911   
231912   
231913   
231914   
231915   
231916   
231917   
231918   
231919   
231920   
231921   
231922   
231923   
231924   
231925   
231926   
231927   
231928   
231929   
231930   
231931   
231932   
231933   
231934   
231935   
231936   
231937   
231938   
231939   
231940   
231941   
231942   
231943   
231944   
231945   
231946   
231947   
231948   
231949   
231950   
231951   
231952   
231953   
231954   
231955   
231956   
231957   
231958   
231959   
232000   
232001   
232002   
232003   
232004   
232005   
232006   
232007   
232008   
232009   
232010   
232011   
232012   
232013   
232014   
232015   
232016   
232017   
232018   
232019   
232020   
232021   
232022   
232023   
232024   
232025   
232026   
232027   
232028   
232029   
232030   
232031   
232032   
232033   
232034   
232035   
232036   
232037   
232038   
232039   
232040   
232041   
232042   
232043   
232044   
232045   
232046   
232047   
232048   
232049   
232050   
232051   
232052   
232053   
232054   
232055   
232056   
232057   
232058   
232059   
232100   
232101   
232102   
232103   
232104   
232105   
232106   
232107   
232108   
232109   
232110   
232111   
232112   
232113   
232114   
232115   
232116   
232117   
232118   
232119   
232120   
232121   
232122   
232123   
232124   
232125   
232126   
232127   
232128   
232129   
232130   
232131   
232132   
232133   
232134   
232135   
232136   
232137   
232138   
232139   
232140   
232141   
232142   
232143   
232144   
232145   
232146   
232147   
232148   
232149   
232150   
232151   
232152   
232153   
232154   
232155   
232156   
232157   
232158   
232159   
232200   
232201   
232202   
232203   
232204   
232205   
232206   
232207   
232208   
232209   
232210   
232211   
232212   
232213   
232214   
232215   
232216   
232217   
232218   
232219   
232220   
232221   
232222   
232223   
232224   
232225   
232226   
232227   
232228   
232229   
232230   
232231   
232232   
232233   
232234   
232235   
232236   
232237   
232238   
232239   
232240   
232241   
232242   
232243   
232244   
232245   
232246   
232247   
232248   
232249   
232250   
232251   
232252   
232253   
232254   
232255   
232256   
232257   
232258   
232259   
232300   
232301   
232302   
232303   
232304   
232305   
232306   
232307   
232308   
232309   
232310   
232311   
232312   
232313   
232314   
232315   
232316   
232317   
232318   
232319   
232320   
232321   
232322   
232323   
232324   
232325   
232326   
232327   
232328   
232329   
232330   
232331   
232332   
232333   
232334   
232335   
232336   
232337   
232338   
232339   
232340   
232341   
232342   
232343   
232344   
232345   
232346   
232347   
232348   
232349   
232350   
232351   
232352   
232353   
232354   
232355   
232356   
232357   
232358   
232359   
232400   
232401   
232402   
232403   
232404   
232405   
232406   
232407   
232408   
232409   
232410   
232411   
232412   
232413   
232414   
232415   
232416   
232417   
232418   
232419   
232420   
232421   
232422   
232423   
232424   
232425   
232426   
232427   
232428   
232429   
232430   
232431   
232432   
232433   
232434   
232435   
232436   
232437   
232438   
232439   
232440   
232441   
232442   
232443   
232444   
232445   
232446   
232447   
232448   
232449   
232450   
232451   
232452   
232453   
232454   
232455   
232456   
232457   
232458   
232459   
232500   
232501   
232502   
232503   
232504   
232505   
232506   
232507   
232508   
232509   
232510   
232511   
232512   
232513   
232514   
232515   
232516   
232517   
232518   
232519   
232520   
232521   
232522   
232523   
232524   
232525   
232526   
232527   
232528   
232529   
232530   
232531   
232532   
232533   
232534   
232535   
232536   
232537   
232538   
232539   
232540   
232541   
232542   
232543   
232544   
232545   
232546   
232547   
232548   
232549   
232550   
232551   
232552   
232553   
232554   
232555   
232556   
232557   
232558   
232559   
232600   
232601   
232602   
232603   
232604   
232605   
232606   
232607   
232608   
232609   
232610   
232611   
232612   
232613   
232614   
232615   
232616   
232617   
232618   
232619   
232620   
232621   
232622   
232623   
232624   
232625   
232626   
232627   
232628   
232629   
232630   
232631   
232632   
232633   
232634   
232635   
232636   
232637   
232638   
232639   
232640   
232641   
232642   
232643   
232644   
232645   
232646   
232647   
232648   
232649   
232650   
232651   
232652   
232653   
232654   
232655   
232656   
232657   
232658   
232659   
232700   
232701   
232702   
232703   
232704   
232705   
232706   
232707   
232708   
232709   
232710   
232711   
232712   
232713   
232714   
232715   
232716   
232717   
232718   
232719   
232720   
232721   
232722   
232723   
232724   
232725   
232726   
232727   
232728   
232729   
232730   
232731   
232732   
232733   
232734   
232735   
232736   
232737   
232738   
232739   
232740   
232741   
232742   
232743   
232744   
232745   
232746   
232747   
232748   
232749   
232750   
232751   
232752   
232753   
232754   
232755   
232756   
232757   
232758   
232759   
232800   
232801   
232802   
232803   
232804   
232805   
232806   
232807   
232808   
232809   
232810   
232811   
232812   
232813   
232814   
232815   
232816   
232817   
232818   
232819   
232820   
232821   
232822   
232823   
232824   
232825   
232826   
232827   
232828   
232829   
232830   
232831   
232832   
232833   
232834   
232835   
232836   
232837   
232838   
232839   
232840   
232841   
232842   
232843   
232844   
232845   
232846   
232847   
232848   
232849   
232850   
232851   
232852   
232853   
232854   
232855   
232856   
232857   
232858   
232859   
232900   
232901   
232902   
232903   
232904   
232905   
232906   
232907   
232908   
232909   
232910   
232911   
232912   
232913   
232914   
232915   
232916   
232917   
232918   
232919   
232920   
232921   
232922   
232923   
232924   
232925   
232926   
232927   
232928   
232929   
232930   
232931   
232932   
232933   
232934   
232935   
232936   
232937   
232938   
232939   
232940   
232941   
232942   
232943   
232944   
232945   
232946   
232947   
232948   
232949   
232950   
232951   
232952   
232953   
232954   
232955   
232956   
232957   
232958   
232959   
233000   
233001   
233002   
233003   
233004   
233005   
233006   
233007   
233008   
233009   
233010   
233011   
233012   
233013   
233014   
233015   
233016   
233017   
233018   
233019   
233020   
233021   
233022   
233023   
233024   
233025   
233026   
233027   
233028   
233029   
233030   
233031   
233032   
233033   
233034   
233035   
233036   
233037   
233038   
233039   
233040   
233041   
233042   
233043   
233044   
233045   
233046   
233047   
233048   
233049   
233050   
233051   
233052   
233053   
233054   
233055   
233056   
233057   
233058   
233059   
233100   
233101   
233102   
233103   
233104   
233105   
233106   
233107   
233108   
233109   
233110   
233111   
233112   
233113   
233114   
233115   
233116   
233117   
233118   
233119   
233120   
233121   
233122   
233123   
233124   
233125   
233126   
233127   
233128   
233129   
233130   
233131   
233132   
233133   
233134   
233135   
233136   
233137   
233138   
233139   
233140   
233141   
233142   
233143   
233144   
233145   
233146   
233147   
233148   
233149   
233150   
233151   
233152   
233153   
233154   
233155   
233156   
233157   
233158   
233159   
233200   
233201   
233202   
233203   
233204   
233205   
233206   
233207   
233208   
233209   
233210   
233211   
233212   
233213   
233214   
233215   
233216   
233217   
233218   
233219   
233220   
233221   
233222   
233223   
233224   
233225   
233226   
233227   
233228   
233229   
233230   
233231   
233232   
233233   
233234   
233235   
233236   
233237   
233238   
233239   
233240   
233241   
233242   
233243   
233244   
233245   
233246   
233247   
233248   
233249   
233250   
233251   
233252   
233253   
233254   
233255   
233256   
233257   
233258   
233259   
233300   
233301   
233302   
233303   
233304   
233305   
233306   
233307   
233308   
233309   
233310   
233311   
233312   
233313   
233314   
233315   
233316   
233317   
233318   
233319   
233320   
233321   
233322   
233323   
233324   
233325   
233326   
233327   
233328   
233329   
233330   
233331   
233332   
233333   
233334   
233335   
233336   
233337   
233338   
233339   
233340   
233341   
233342   
233343   
233344   
233345   
233346   
233347   
233348   
233349   
233350   
233351   
233352   
233353   
233354   
233355   
233356   
233357   
233358   
233359   
233400   
233401   
233402   
233403   
233404   
233405   
233406   
233407   
233408   
233409   
233410   
233411   
233412   
233413   
233414   
233415   
233416   
233417   
233418   
233419   
233420   
233421   
233422   
233423   
233424   
233425   
233426   
233427   
233428   
233429   
233430   
233431   
233432   
233433   
233434   
233435   
233436   
233437   
233438   
233439   
233440   
233441   
233442   
233443   
233444   
233445   
233446   
233447   
233448   
233449   
233450   
233451   
233452   
233453   
233454   
233455   
233456   
233457   
233458   
233459   
233500   
233501   
233502   
233503   
233504   
233505   
233506   
233507   
233508   
233509   
233510   
233511   
233512   
233513   
233514   
233515   
233516   
233517   
233518   
233519   
233520   
233521   
233522   
233523   
233524   
233525   
233526   
233527   
233528   
233529   
233530   
233531   
233532   
233533   
233534   
233535   
233536   
233537   
233538   
233539   
233540   
233541   
233542   
233543   
233544   
233545   
233546   
233547   
233548   
233549   
233550   
233551   
233552   
233553   
233554   
233555   
233556   
233557   
233558   
233559   
233600   
233601   
233602   
233603   
233604   
233605   
233606   
233607   
233608   
233609   
233610   
233611   
233612   
233613   
233614   
233615   
233616   
233617   
233618   
233619   
233620   
233621   
233622   
233623   
233624   
233625   
233626   
233627   
233628   
233629   
233630   
233631   
233632   
233633   
233634   
233635   
233636   
233637   
233638   
233639   
233640   
233641   
233642   
233643   
233644   
233645   
233646   
233647   
233648   
233649   
233650   
233651   
233652   
233653   
233654   
233655   
233656   
233657   
233658   
233659   
233700   
233701   
233702   
233703   
233704   
233705   
233706   
233707   
233708   
233709   
233710   
233711   
233712   
233713   
233714   
233715   
233716   
233717   
233718   
233719   
233720   
233721   
233722   
233723   
233724   
233725   
233726   
233727   
233728   
233729   
233730   
233731   
233732   
233733   
233734   
233735   
233736   
233737   
233738   
233739   
233740   
233741   
233742   
233743   
233744   
233745   
233746   
233747   
233748   
233749   
233750   
233751   
233752   
233753   
233754   
233755   
233756   
233757   
233758   
233759   
233800   
233801   
233802   
233803   
233804   
233805   
233806   
233807   
233808   
233809   
233810   
233811   
233812   
233813   
233814   
233815   
233816   
233817   
233818   
233819   
233820   
233821   
233822   
233823   
233824   
233825   
233826   
233827   
233828   
233829   
233830   
233831   
233832   
233833   
233834   
233835   
233836   
233837   
233838   
233839   
233840   
233841   
233842   
233843   
233844   
233845   
233846   
233847   
233848   
233849   
233850   
233851   
233852   
233853   
233854   
233855   
233856   
233857   
233858   
233859   
233900   
233901   
233902   
233903   
233904   
233905   
233906   
233907   
233908   
233909   
233910   
233911   
233912   
233913   
233914   
233915   
233916   
233917   
233918   
233919   
233920   
233921   
233922   
233923   
233924   
233925   
233926   
233927   
233928   
233929   
233930   
233931   
233932   
233933   
233934   
233935   
233936   
233937   
233938   
233939   
233940   
233941   
233942   
233943   
233944   
233945   
233946   
233947   
233948   
233949   
233950   
233951   
233952   
233953   
233954   
233955   
233956   
233957   
233958   
233959   
234000   
234001   
234002   
234003   
234004   
234005   
234006   
234007   
234008   
234009   
234010   
234011   
234012   
234013   
234014   
234015   
234016   
234017   
234018   
234019   
234020   
234021   
234022   
234023   
234024   
234025   
234026   
234027   
234028   
234029   
234030   
234031   
234032   
234033   
234034   
234035   
234036   
234037   
234038   
234039   
234040   
234041   
234042   
234043   
234044   
234045   
234046   
234047   
234048   
234049   
234050   
234051   
234052   
234053   
234054   
234055   
234056   
234057   
234058   
234059   
234100   
234101   
234102   
234103   
234104   
234105   
234106   
234107   
234108   
234109   
234110   
234111   
234112   
234113   
234114   
234115   
234116   
234117   
234118   
234119   
234120   
234121   
234122   
234123   
234124   
234125   
234126   
234127   
234128   
234129   
234130   
234131   
234132   
234133   
234134   
234135   
234136   
234137   
234138   
234139   
234140   
234141   
234142   
234143   
234144   
234145   
234146   
234147   
234148   
234149   
234150   
234151   
234152   
234153   
234154   
234155   
234156   
234157   
234158   
234159   
234200   
234201   
234202   
234203   
234204   
234205   
234206   
234207   
234208   
234209   
234210   
234211   
234212   
234213   
234214   
234215   
234216   
234217   
234218   
234219   
234220   
234221   
234222   
234223   
234224   
234225   
234226   
234227   
234228   
234229   
234230   
234231   
234232   
234233   
234234   
234235   
234236   
234237   
234238   
234239   
234240   
234241   
234242   
234243   
234244   
234245   
234246   
234247   
234248   
234249   
234250   
234251   
234252   
234253   
234254   
234255   
234256   
234257   
234258   
234259   
234300   
234301   
234302   
234303   
234304   
234305   
234306   
234307   
234308   
234309   
234310   
234311   
234312   
234313   
234314   
234315   
234316   
234317   
234318   
234319   
234320   
234321   
234322   
234323   
234324   
234325   
234326   
234327   
234328   
234329   
234330   
234331   
234332   
234333   
234334   
234335   
234336   
234337   
234338   
234339   
234340   
234341   
234342   
234343   
234344   
234345   
234346   
234347   
234348   
234349   
234350   
234351   
234352   
234353   
234354   
234355   
234356   
234357   
234358   
234359   
234400   
234401   
234402   
234403   
234404   
234405   
234406   
234407   
234408   
234409   
234410   
234411   
234412   
234413   
234414   
234415   
234416   
234417   
234418   
234419   
234420   
234421   
234422   
234423   
234424   
234425   
234426   
234427   
234428   
234429   
234430   
234431   
234432   
234433   
234434   
234435   
234436   
234437   
234438   
234439   
234440   
234441   
234442   
234443   
234444   
234445   
234446   
234447   
234448   
234449   
234450   
234451   
234452   
234453   
234454   
234455   
234456   
234457   
234458   
234459   
234500   
234501   
234502   
234503   
234504   
234505   
234506   
234507   
234508   
234509   
234510   
234511   
234512   
234513   
234514   
234515   
234516   
234517   
234518   
234519   
234520   
234521   
234522   
234523   
234524   
234525   
234526   
234527   
234528   
234529   
234530   
234531   
234532   
234533   
234534   
234535   
234536   
234537   
234538   
234539   
234540   
234541   
234542   
234543   
234544   
234545   
234546   
234547   
234548   
234549   
234550   
234551   
234552   
234553   
234554   
234555   
234556   
234557   
234558   
234559   
234600   
234601   
234602   
234603   
234604   
234605   
234606   
234607   
234608   
234609   
234610   
234611   
234612   
234613   
234614   
234615   
234616   
234617   
234618   
234619   
234620   
234621   
234622   
234623   
234624   
234625   
234626   
234627   
234628   
234629   
234630   
234631   
234632   
234633   
234634   
234635   
234636   
234637   
234638   
234639   
234640   
234641   
234642   
234643   
234644   
234645   
234646   
234647   
234648   
234649   
234650   
234651   
234652   
234653   
234654   
234655   
234656   
234657   
234658   
234659   
234700   
234701   
234702   
234703   
234704   
234705   
234706   
234707   
234708   
234709   
234710   
234711   
234712   
234713   
234714   
234715   
234716   
234717   
234718   
234719   
234720   
234721   
234722   
234723   
234724   
234725   
234726   
234727   
234728   
234729   
234730   
234731   
234732   
234733   
234734   
234735   
234736   
234737   
234738   
234739   
234740   
234741   
234742   
234743   
234744   
234745   
234746   
234747   
234748   
234749   
234750   
234751   
234752   
234753   
234754   
234755   
234756   
234757   
234758   
234759   
234800   
234801   
234802   
234803   
234804   
234805   
234806   
234807   
234808   
234809   
234810   
234811   
234812   
234813   
234814   
234815   
234816   
234817   
234818   
234819   
234820   
234821   
234822   
234823   
234824   
234825   
234826   
234827   
234828   
234829   
234830   
234831   
234832   
234833   
234834   
234835   
234836   
234837   
234838   
234839   
234840   
234841   
234842   
234843   
234844   
234845   
234846   
234847   
234848   
234849   
234850   
234851   
234852   
234853   
234854   
234855   
234856   
234857   
234858   
234859   
234900   
234901   
234902   
234903   
234904   
234905   
234906   
234907   
234908   
234909   
234910   
234911   
234912   
234913   
234914   
234915   
234916   
234917   
234918   
234919   
234920   
234921   
234922   
234923   
234924   
234925   
234926   
234927   
234928   
234929   
234930   
234931   
234932   
234933   
234934   
234935   
234936   
234937   
234938   
234939   
234940   
234941   
234942   
234943   
234944   
234945   
234946   
234947   
234948   
234949   
234950   
234951   
234952   
234953   
234954   
234955   
234956   
234957   
234958   
234959   
235000   
235001   
235002   
235003   
235004   
235005   
235006   
235007   
235008   
235009   
235010   
235011   
235012   
235013   
235014   
235015   
235016   
235017   
235018   
235019   
235020   
235021   
235022   
235023   
235024   
235025   
235026   
235027   
235028   
235029   
235030   
235031   
235032   
235033   
235034   
235035   
235036   
235037   
235038   
235039   
235040   
235041   
235042   
235043   
235044   
235045   
235046   
235047   
235048   
235049   
235050   
235051   
235052   
235053   
235054   
235055   
235056   
235057   
235058   
235059   
235100   
235101   
235102   
235103   
235104   
235105   
235106   
235107   
235108   
235109   
235110   
235111   
235112   
235113   
235114   
235115   
235116   
235117   
235118   
235119   
235120   
235121   
235122   
235123   
235124   
235125   
235126   
235127   
235128   
235129   
235130   
235131   
235132   
235133   
235134   
235135   
235136   
235137   
235138   
235139   
235140   
235141   
235142   
235143   
235144   
235145   
235146   
235147   
235148   
235149   
235150   
235151   
235152   
235153   
235154   
235155   
235156   
235157   
235158   
235159   
235200   
235201   
235202   
235203   
235204   
235205   
235206   
235207   
235208   
235209   
235210   
235211   
235212   
235213   
235214   
235215   
235216   
235217   
235218   
235219   
235220   
235221   
235222   
235223   
235224   
235225   
235226   
235227   
235228   
235229   
235230   
235231   
235232   
235233   
235234   
235235   
235236   
235237   
235238   
235239   
235240   
235241   
235242   
235243   
235244   
235245   
235246   
235247   
235248   
235249   
235250   
235251   
235252   
235253   
235254   
235255   
235256   
235257   
235258   
235259   
235300   
235301   
235302   
235303   
235304   
235305   
235306   
235307   
235308   
235309   
235310   
235311   
235312   
235313   
235314   
235315   
235316   
235317   
235318   
235319   
235320   
235321   
235322   
235323   
235324   
235325   
235326   
235327   
235328   
235329   
235330   
235331   
235332   
235333   
235334   
235335   
235336   
235337   
235338   
235339   
235340   
235341   
235342   
235343   
235344   
235345   
235346   
235347   
235348   
235349   
235350   
235351   
235352   
235353   
235354   
235355   
235356   
235357   
235358   
235359   
235400   
235401   
235402   
235403   
235404   
235405   
235406   
235407   
235408   
235409   
235410   
235411   
235412   
235413   
235414   
235415   
235416   
235417   
235418   
235419   
235420   
235421   
235422   
235423   
235424   
235425   
235426   
235427   
235428   
235429   
235430   
235431   
235432   
235433   
235434   
235435   
235436   
235437   
235438   
235439   
235440   
235441   
235442   
235443   
235444   
235445   
235446   
235447   
235448   
235449   
235450   
235451   
235452   
235453   
235454   
235455   
235456   
235457   
235458   
235459   
235500   
235501   
235502   
235503   
235504   
235505   
235506   
235507   
235508   
235509   
235510   
235511   
235512   
235513   
235514   
235515   
235516   
235517   
235518   
235519   
235520   
235521   
235522   
235523   
235524   
235525   
235526   
235527   
235528   
235529   
235530   
235531   
235532   
235533   
235534   
235535   
235536   
235537   
235538   
235539   
235540   
235541   
235542   
235543   
235544   
235545   
235546   
235547   
235548   
235549   
235550   
235551   
235552   
235553   
235554   
235555   
235556   
235557   
235558   
235559   
235600   
235601   
235602   
235603   
235604   
235605   
235606   
235607   
235608   
235609   
235610   
235611   
235612   
235613   
235614   
235615   
235616   
235617   
235618   
235619   
235620   
235621   
235622   
235623   
235624   
235625   
235626   
235627   
235628   
235629   
235630   
235631   
235632   
235633   
235634   
235635   
235636   
235637   
235638   
235639   
235640   
235641   
235642   
235643   
235644   
235645   
235646   
235647   
235648   
235649   
235650   
235651   
235652   
235653   
235654   
235655   
235656   
235657   
235658   
235659   
235700   
235701   
235702   
235703   
235704   
235705   
235706   
235707   
235708   
235709   
235710   
235711   
235712   
235713   
235714   
235715   
235716   
235717   
235718   
235719   
235720   
235721   
235722   
235723   
235724   
235725   
235726   
235727   
235728   
235729   
235730   
235731   
235732   
235733   
235734   
235735   
235736   
235737   
235738   
235739   
235740   
235741   
235742   
235743   
235744   
235745   
235746   
235747   
235748   
235749   
235750   
235751   
235752   
235753   
235754   
235755   
235756   
235757   
235758   
235759   
235800   
235801   
235802   
235803   
235804   
235805   
235806   
235807   
235808   
235809   
235810   
235811   
235812   
235813   
235814   
235815   
235816   
235817   
235818   
235819   
235820   
235821   
235822   
235823   
235824   
235825   
235826   
235827   
235828   
235829   
235830   
235831   
235832   
235833   
235834   
235835   
235836   
235837   
235838   
235839   
235840   
235841   
235842   
235843   
235844   
235845   
235846   
235847   
235848   
235849   
235850   
235851   
235852   
235853   
235854   
235855   
235856   
235857   
235858   
235859   
235900   
235901   
235902   
235903   
235904   
235905   
235906   
235907   
235908   
235909   
235910   
235911   
235912   
235913   
235914   
235915   
235916   
235917   
235918   
235919   
235920   
235921   
235922   
235923   
235924   
235925   
235926   
235927   
235928   
235929   
235930   
235931   
235932   
235933   
235934   
235935   
235936   
235937   
235938   
235939   
235940   
235941   
235942   
235943   
235944   
235945   
235946   
235947   
235948   
235949   
235950   
235951   
235952   
235953   
235954   
235955   
235956   
235957   
235958   
235959   
